# Start of Image
308
01
A501
1
1
6

# Image Frames
309
01
A501
1
1
1
4000
0xff d8 ff e0 00 10 4a 46 49 46 00 01 01 01 00 78 00 78 00 00 ff e1 10 d2 45 78 69 66 00 00 4d 4d 00 2a 00 00 00 08 00 04 01 3b 00 02 00 00 00 04 73 73 63 00 87 69 00 04 00 00 00 01 00 00 08 4a 9c 9d 00 01 00 00 00 08 00 00 10 c2 ea 1c 00 07 00 00 08 0c 00 00 00 3e 00 00 00 00 1c ea 00 00 00 08 00 00 00 00 00 00 00 00 00 00 00 00 00 00 00 00 00 00 00 00 00 00 00 00 00 00 00 00 00 00 00 00 00 00 00 00 00 00 00 00 00 00 00 00 00 00 00 00 00 00 00 00 00 00 00 00 00 00 00 00 00 00 00 00 00 00 00 00 00 00 00 00 00 00 00 00 00 00 00 00 00 00 00 00 00 00 00 00 00 00 00 00 00 00 00 00 00 00 00 00 00 00 00 00 00 00 00 00 00 00 00 00 00 00 00 00 00 00 00 00 00 00 00 00 00 00 00 00 00 00 00 00 00 00 00 00 00 00 00 00 00 00 00 00 00 00 00 00 00 00 00 00 00 00 00 00 00 00 00 00 00 00 00 00 00 00 00 00 00 00 00 00 00 00 00 00 00 00 00 00 00 00 00 00 00 00 00 00 00 00 00 00 00 00 00 00 00 00 00 00 00 00 00 00 00 00 00 00 00 00 00 00 00 00 00 00 00 00 00 00 00 00 00 00 00 00 00 00 00 00 00 00 00 00 00 00 00 00 00 00 00 00 00 00 00 00 00 00 00 00 00 00 00 00 00 00 00 00 00 00 00 00 00 00 00 00 00 00 00 00 00 00 00 00 00 00 00 00 00 00 00 00 00 00 00 00 00 00 00 00 00 00 00 00 00 00 00 00 00 00 00 00 00 00 00 00 00 00 00 00 00 00 00 00 00 00 00 00 00 00 00 00 00 00 00 00 00 00 00 00 00 00 00 00 00 00 00 00 00 00 00 00 00 00 00 00 00 00 00 00 00 00 00 00 00 00 00 00 00 00 00 00 00 00 00 00 00 00 00 00 00 00 00 00 00 00 00 00 00 00 00 00 00 00 00 00 00 00 00 00 00 00 00 00 00 00 00 00 00 00 00 00 00 00 00 00 00 00 00 00 00 00 00 00 00 00 00 00 00 00 00 00 00 00 00 00 00 00 00 00 00 00 00 00 00 00 00 00 00 00 00 00 00 00 00 00 00 00 00 00 00 00 00 00 00 00 00 00 00 00 00 00 00 00 00 00 00 00 00 00 00 00 00 00 00 00 00 00 00 00 00 00 00 00 00 00 00 00 00 00 00 00 00 00 00 00 00 00 00 00 00 00 00 00 00 00 00 00 00 00 00 00 00 00 00 00 00 00 00 00 00 00 00 00 00 00 00 00 00 00 00 00 00 00 00 00 00 00 00 00 00 00 00 00 00 00 00 00 00 00 00 00 00 00 00 00 00 00 00 00 00 00 00 00 00 00 00 00 00 00 00 00 00 00 00 00 00 00 00 00 00 00 00 00 00 00 00 00 00 00 00 00 00 00 00 00 00 00 00 00 00 00 00 00 00 00 00 00 00 00 00 00 00 00 00 00 00 00 00 00 00 00 00 00 00 00 00 00 00 00 00 00 00 00 00 00 00 00 00 00 00 00 00 00 00 00 00 00 00 00 00 00 00 00 00 00 00 00 00 00 00 00 00 00 00 00 00 00 00 00 00 00 00 00 00 00 00 00 00 00 00 00 00 00 00 00 00 00 00 00 00 00 00 00 00 00 00 00 00 00 00 00 00 00 00 00 00 00 00 00 00 00 00 00 00 00 00 00 00 00 00 00 00 00 00 00 00 00 00 00 00 00 00 00 00 00 00 00 00 00 00 00 00 00 00 00 00 00 00 00 00 00 00 00 00 00 00 00 00 00 00 00 00 00 00 00 00 00 00 00 00 00 00 00 00 00 00 00 00 00 00 00 00 00 00 00 00 00 00 00 00 00 00 00 00 00 00 00 00 00 00 00 00 00 00 00 00 00 00 00 00 00 00 00 00 00 00 00 00 00 00 00 00 00 00 00 00 00 00 00 00 00 00 00 00 00 00 00 00 00 00 00 00 00 00 00 00 00 00 00 00 00 00 00 00 00 00 00 00 00 00 00 00 00 00 00 00 00 00 00 00 00 00 00 00 00 00 00 00 00 00 00 00 00 00 00 00 00 00 00 00 00 00 00 00 00 00 00 00 00 00 00 00 00 00 00 00 00 00 00 00 00 00 00 00 00 00 00 00 00 00 00 00 00 00 00 00 00 00 00 00 00 00 00 00 00 00 00 00 00 00 00 00 00 00 00 00 00 00 00 00 00 00 00 00 00 00 00 00 00 00 00 00 00 00 00 00 00 00 00 00 00 00 00 00 00 00 00 00 00 00 00 00 00 00 00 00 00 00 00 00 00 00 00 00 00 00 00 00 00 00 00 00 00 00 00 00 00 00 00 00 00 00 00 00 00 00 00 00 00 00 00 00 00 00 00 00 00 00 00 00 00 00 00 00 00 00 00 00 00 00 00 00 00 00 00 00 00 00 00 00 00 00 00 00 00 00 00 00 00 00 00 00 00 00 00 00 00 00 00 00 00 00 00 00 00 00 00 00 00 00 00 00 00 00 00 00 00 00 00 00 00 00 00 00 00 00 00 00 00 00 00 00 00 00 00 00 00 00 00 00 00 00 00 00 00 00 00 00 00 00 00 00 00 00 00 00 00 00 00 00 00 00 00 00 00 00 00 00 00 00 00 00 00 00 00 00 00 00 00 00 00 00 00 00 00 00 00 00 00 00 00 00 00 00 00 00 00 00 00 00 00 00 00 00 00 00 00 00 00 00 00 00 00 00 00 00 00 00 00 00 00 00 00 00 00 00 00 00 00 00 00 00 00 00 00 00 00 00 00 00 00 00 00 00 00 00 00 00 00 00 00 00 00 00 00 00 00 00 00 00 00 00 00 00 00 00 00 00 00 00 00 00 00 00 00 00 00 00 00 00 00 00 00 00 00 00 00 00 00 00 00 00 00 00 00 00 00 00 00 00 00 00 00 00 00 00 00 00 00 00 00 00 00 00 00 00 00 00 00 00 00 00 00 00 00 00 00 00 00 00 00 00 00 00 00 00 00 00 00 00 00 00 00 00 00 00 00 00 00 00 00 00 00 00 00 00 00 00 00 00 00 00 00 00 00 00 00 00 00 00 00 00 00 00 00 00 00 00 00 00 00 00 00 00 00 00 00 00 00 00 00 00 00 00 00 00 00 00 00 00 00 00 00 00 00 00 00 00 00 00 00 00 00 00 00 00 00 00 00 00 00 00 00 00 00 00 00 00 00 00 00 00 00 00 00 00 00 00 00 00 00 00 00 00 00 00 00 00 00 00 00 00 00 00 00 00 00 00 00 00 00 00 00 00 00 00 00 00 00 00 00 00 00 00 00 00 00 00 00 00 00 00 00 00 00 00 00 00 00 00 00 00 00 00 00 00 00 00 00 00 00 00 00 00 00 00 00 00 00 00 00 00 00 00 00 00 00 00 00 00 00 00 00 00 00 00 00 00 00 00 00 00 00 00 00 00 00 00 00 00 00 00 00 00 00 00 00 00 00 00 00 00 00 00 00 00 00 00 00 00 00 00 00 00 00 00 00 00 00 00 00 00 00 00 00 00 00 00 00 00 00 00 00 00 00 00 00 00 00 00 00 00 00 00 00 00 00 00 00 00 00 00 00 00 00 00 00 00 00 00 00 00 00 00 00 00 00 00 00 00 00 00 00 00 00 00 00 00 00 00 00 00 00 00 00 00 00 00 00 00 00 00 00 00 00 00 00 00 00 00 00 00 00 00 00 00 00 00 00 00 00 00 00 00 00 00 00 00 00 00 00 00 00 00 00 00 00 00 00 00 00 00 00 00 00 00 00 00 00 00 00 00 00 00 00 00 00 00 00 00 00 00 00 00 00 00 00 00 00 00 00 00 00 00 00 00 00 00 00 00 00 00 00 00 00 00 00 00 00 00 00 00 00 00 00 00 00 00 00 00 00 00 00 00 00 00 00 00 00 00 00 00 00 00 00 00 00 00 00 00 00 00 00 00 00 00 00 00 00 00 00 00 00 00 00 00 00 00 00 00 00 00 00 00 00 00 00 00 00 00 00 00 00 00 00 00 00 00 00 00 00 00 00 00 00 00 00 00 00 00 00 00 00 00 00 00 00 00 00 00 00 00 00 00 00 00 00 00 00 00 00 00 00 00 00 00 00 00 00 00 00 00 00 00 00 00 00 00 00 00 00 00 00 00 00 00 00 00 00 00 00 00 00 00 00 00 00 00 00 00 00 00 00 00 00 00 00 00 00 00 00 00 00 00 00 00 00 00 00 00 00 00 00 00 00 00 00 00 00 00 00 00 00 00 00 00 00 00 00 00 00 00 00 00 00 00 00 00 00 00 00 00 00 00 00 00 00 00 00 00 00 00 00 00 00 00 00 00 00 00 00 00 00 00 00 00 00 00 00 00 00 00 00 00 00 00 00 00 00 00 00 00 00 00 00 00 00 00 00 00 00 00 00 00 00 00 00 00 00 00 00 00 00 00 00 00 00 00 00 00 00 00 00 00 00 00 00 00 00 00 00 00 00 00 00 00 00 00 00 00 00 00 00 00 00 00 00 00 00 00 00 00 00 00 00 00 00 00 00 00 00 00 00 00 00 00 00 00 00 00 00 00 00 00 00 00 00 00 00 00 00 00 00 00 00 00 00 00 00 00 00 00 00 00 00 00 00 00 00 00 00 00 00 00 00 00 00 00 00 00 00 00 00 00 05 90 03 00 02 00 00 00 14 00 00 10 98 90 04 00 02 00 00 00 14 00 00 10 ac 92 91 00 02 00 00 00 03 37 35 00 00 92 92 00 02 00 00 00 03 37 35 00 00 ea 1c 00 07 00 00 08 0c 00 00 08 8c 00 00 00 00 1c ea 00 00 00 08 00 00 00 00 00 00 00 00 00 00 00 00 00 00 00 00 00 00 00 00 00 00 00 00 00 00 00 00 00 00 00 00 00 00 00 00 00 00 00 00 00 00 00 00 00 00 00 00 00 00 00 00 00 00 00 00 00 00 00 00 00 00 00 00 00 00 00 00 00 00 00 00 00 00 00 00 00 00 00 00 00 00 00 00 00 00 00 00 00 00 00 00 00 00 00 00 00 00 00 00 00 00 00 00 00 00 00 00 00 00 00 00 00 00 00 00 00 00 00 00 00 00 00 00 00 00 00 00 00 00 00 00 00 00 00 00 00 00 00 00 00 00 00 00 00 00 00 00 00 00 00 00 00 00 00 00 00 00 00 00 00 00 00 00 00 00 00 00 00 00 00 00 00 00 00 00 00 00 00 00 00 00 00 00 00 00 00 00 00 00 00 00 00 00 00 00 00 00 00 00 00 00 00 00 00 00 00 00 00 00 00 00 00 00 00 00 00 00 00 00 00 00 00 00 00 00 00 00 00 00 00 00 00 00 00 00 00 00 00 00 00 00 00 00 00 00 00 00 00 00 00 00 00 00 00 00 00 00 00 00 00 00 00 00 00 00 00 00 00 00 00 00 00 00 00 00 00 00 00 00 00 00 00 00 00 00 00 00 00 00 00 00 00 00 00 00 00 00 00 00 00 00 00 00 00 00 00 00 00 00 00 00 00 00 00 00 00 00 00 00 00 00 00 00 00 00 00 00 00 00 00 00 00 00 00 00 00 00 00 00 00 00 00 00 00 00 00 00 00 00 00 00 00 00 00 00 00 00 00 00 00 00 00 00 00 00 00 00 00 00 00 00 00 00 00 00 00 00 00 00 00 00 00 00 00 00 00 00 00 00 00 00 00 00 00 00 00 00 00 00 00 00 00 00 00 00 00 00 00 00 00 00 00 00 00 00 00 00 00 00 00 00 00 00 00 00 00 00 00 00 00 00 00 00 00 00 00 00 00 00 00 00 00 00 00 00 00 00 00 00 00 00 00 00 00 00 00 00 00 00 00 00 00 00 00 00 00 00 00 00 00 00 00 00 00 00 00 00 00 00 00 00 00 00 00 00 00 00 00 00 00 00 00 00 00 00 00 00 00 00 00 00 00 00 00 00 00 00 00 00 00 00 00 00 00 00 00 00 00 00 00 00 00 00 00 00 00 00 00 00 00 00 00 00 00 00 00 00 00 00 00 00 00 00 00 00 00 00 00 00 00 00 00 00 00 00 00 00 00 00 00 00 00 00 00 00 00 00 00 00 00 00 00 00 00 00 00 00 00 00 00 00 00 00 00 00 00 00 00 00 00 00 00 00 00 00 00 00 00 00 00 00 00 00 00 00 00 00 00 00 00 00 00 00 00 00 00 00 00 00 00 00 00 00 00 00 00 00 00 00 00 00 00 00 00 00 00 00 00 00 00 00 00 00 00 00 00 00 00 00 00 00 00 00 00 00 00 00 00 00 00 00 00 00 00 00 00 00 00 00 00 00 00 00 00 00 00 00 00 00 00 00 00 00 00 00 00 00 00 00 00 00 00 00 00 00 00 00 00 00 00 00 00 00 00 00 00 00 00 00 00 00 00 00 00 00 00 00 00 00 00 00 00 00 00 00 00 00 00 00 00 00 00 00 00 00 00 00 00 00 00 00 00 00 00 00 00 00 00 00 00 00 00 00 00 00 00 00 00 00 00 00 00 00 00 00 00 00 00 00 00 00 00 00 00 00 00 00 00 00 00 00 00 00 00 00 00 00 00 00 00 00 00 00 00 00 00 00 00 00 00 00 00 00 00 00 00 00 00 00 00 00 00 00 00 00 00 00 00 00 00 00 00 00 00 00 00 00 00 00 00 00 00 00 00 00 00 00 00 00 00 00 00 00 00 00 00 00 00 00 00 00 00 00 00 00 00 00 00 00 00 00 00 00 00 00 00 00 00 00 00 00 00 00 00 00 00 00 00 00 00 00 00 00 00 00 00 00 00 00 00 00 00 00 00 00 00 00 00 00 00 00 00 00 00 00 00 00 00 00 00 00 00 00 00 00 00 00 00 00 00 00 00 00 00 00 00 00 00 00 00 00 00 00 00 00 00 00 00 00 00 00 00 00 00 00 00 00 00 00 00 00 00 00 00 00 00 00 00 00 00 00 00 00 00 00 00 00 00 00 00 00 00 00 00 00 00 00 00 00 00 00 00 00 00 00 00 00 00 00 00 00 00 00 00 00 00 00 00 00 00 00 00 00 00 00 00 00 00 00 00 00 00 00 00 00 00 00 00 00 00 00 00 00 00 00 00 00 00 00 00 00 00 00 00 00 00 00 00 00 00 00 00 00 00 00 00 00 00 00 00 00 00 00 00 00 00 00 00 00 00 00 00 00 00 00 00 00 00 00 00 00 00 00 00 00 00 00 00 00 00 00 00 00 00 00 00 00 00 00 00 00 00 00 00 00 00 00 00 00 00 00 00 00 00 00 00 00 00 00 00 00 00 00 00 00 00 00 00 00 00 00 00 00 00 00 00 00 00 00 00 00 00 00 00 00 00 00 00 00 00 00 00 00 00 00 00 00 00 00 00 00 00 00 00 00 00 00 00 00 00 00 00 00 00 00 00 00 00 00 00 00 00 00 00 00 00 00 00 00 00 00 00 00 00 00 00 00 00 00 00 00 00 00 00 00 00 00 00 00 00 00 00 00 00 00 00 00 00 00 00 00 00 00 00 00 00 00 00 00 00 00 00 00 00 00 00 00 00 00 00 00 00 00 00 00 00 00 00 00 00 00 00 00 00 00 00 00 00 00 00 00 00 00 00 00 00 00 00 00 00 00 00 00 00 00 00 00 00 00 00 00 00 00 00 00 00 00 00 00 00 00 00 00 00 00 00 00 00 00 00 00 00 00 00 00 00 00 00 00 00 00 00 00 00 00 00 00 00 00 00 00 00 00 00 00 00 00 00 00 00 00 00 00 00 00 00 00 00 00 00 00 00 00 00 00 00 00 00 00 00 00 00 00 00 00 00 00 00 00 00 00 00 00 00 00 00 00 00 00 00 00 00 00 00 00 00 00 00 00 00 00 00 00 00 00 00 00 00 00 00 00 00 00 00 00 00 00 00 00 00 00 00 00 00 00 00 00 00 00 00 00 00 00 00 00 00 00 00 00 00 00 00 00 00 00 00 00 00 00 00 00 00 00 00 00 00 00 00 00 00 00 00 00 00 00 00 00 00 00 00 00 00 00 00 00 00 00 00 00 00 00 00 00 00 00 00 00 00 00 00 00 00 00 00 00 00 00 00 00 00 00 00 00 00 00 00 00 00 00 00 00 00 00 00 00 00 00 00 00 00 00 00 00 00 00 00 00 00 00 00 00 00 00 00 00 00 00 00 00 00 00 00 00 00 00 00 00 00 00 00 00 00 00 00 00 00 00 00 00 00 00 00 00 00 00 00 00 00 00 00 00 00 00 00 00 00 00 00 00 00 00 00 00 00 00 00 00 00 00 00 00 00 00 00 00 00 00 00 00 00 00 00 00 00 00 00 00 00 00 00 00 00 00 00 00 00 00 00 00 00 00 00 00 00 00 00 00 00 00 00 00 00 00 00 00 00 00 00 00 00 00 00 00 00 00 00 00 00 00 00 00 00 00 00 00 00 00 00 00 00 00 00 00 00 00 00 00 00 00 00 00 00 00 00 00 00 00 00 00 00 00 00 00 00 00 00 00 00 00 00 00 00 00 00 00 00 00 00 00 00 00 00 00 00 00 00 00 00 00 00 00 00 00 00 00 00 00 00 00 00 00 00 00 00 00 00 00 00 00 00 00 00 00 00 00 00 00 00 00 00 00 00 00 00 00 00 00 00 00 00 00 00 00 00 00 00 00 00 00 00 00 00 00 00 00 00 00 00 00 00 00 00 00 00 00 00 00 00 00 00 00 00 00 00 00 00 00 00 00 00 00 00 00 00 00 00 00 00 00 00 00 00 00 00 00

309
01
A101
1
1
2
4000
0x00 00 00 00 00 00 00 00 00 00 00 00 00 00 00 00 00 00 00 00 00 00 00 00 00 00 00 00 00 00 00 00 00 00 00 00 00 00 00 00 00 00 00 00 00 00 00 00 00 00 00 00 00 00 00 00 00 00 00 00 00 00 00 00 00 00 00 00 00 00 00 00 00 00 00 00 00 00 00 00 00 00 00 00 00 00 00 00 00 00 00 00 00 00 00 00 00 00 00 00 00 00 00 00 00 00 00 00 00 00 00 00 00 00 00 00 00 00 00 00 00 00 00 00 00 00 00 00 00 00 00 00 00 00 00 00 00 00 00 00 00 00 00 00 00 00 00 00 00 00 00 00 00 00 00 00 00 00 00 00 00 00 00 00 00 00 00 00 00 00 00 00 00 00 00 00 00 00 00 00 00 00 00 00 00 00 00 00 00 00 00 00 00 00 00 00 00 00 00 00 00 00 00 00 00 00 00 00 00 00 00 00 00 00 00 00 00 00 00 00 00 00 00 00 00 00 00 00 00 00 00 00 00 00 00 00 00 00 00 00 00 00 00 00 00 00 00 00 00 00 00 00 00 00 00 00 00 00 00 00 00 00 00 00 00 00 00 00 00 00 00 00 00 00 00 00 00 00 32 30 31 32 3a 31 31 3a 31 39 20 31 36 3a 34 37 3a 33 32 00 32 30 31 32 3a 31 31 3a 31 39 20 31 36 3a 34 37 3a 33 32 00 00 00 73 00 73 00 63 00 00 00 ff e1 0b 16 68 74 74 70 3a 2f 2f 6e 73 2e 61 64 6f 62 65 2e 63 6f 6d 2f 78 61 70 2f 31 2e 30 2f 00 3c 3f 78 70 61 63 6b 65 74 20 62 65 67 69 6e 3d 27 ef bb bf 27 20 69 64 3d 27 57 35 4d 30 4d 70 43 65 68 69 48 7a 72 65 53 7a 4e 54 63 7a 6b 63 39 64 27 3f 3e 0d 0a 3c 78 3a 78 6d 70 6d 65 74 61 20 78 6d 6c 6e 73 3a 78 3d 22 61 64 6f 62 65 3a 6e 73 3a 6d 65 74 61 2f 22 3e 3c 72 64 66 3a 52 44 46 20 78 6d 6c 6e 73 3a 72 64 66 3d 22 68 74 74 70 3a 2f 2f 77 77 77 2e 77 33 2e 6f 72 67 2f 31 39 39 39 2f 30 32 2f 32 32 2d 72 64 66 2d 73 79 6e 74 61 78 2d 6e 73 23 22 3e 3c 72 64 66 3a 44 65 73 63 72 69 70 74 69 6f 6e 20 72 64 66 3a 61 62 6f 75 74 3d 22 75 75 69 64 3a 66 61 66 35 62 64 64 35 2d 62 61 33 64 2d 31 31 64 61 2d 61 64 33 31 2d 64 33 33 64 37 35 31 38 32 66 31 62 22 20 78 6d 6c 6e 73 3a 64 63 3d 22 68 74 74 70 3a 2f 2f 70 75 72 6c 2e 6f 72 67 2f 64 63 2f 65 6c 65 6d 65 6e 74 73 2f 31 2e 31 2f 22 2f 3e 3c 72 64 66 3a 44 65 73 63 72 69 70 74 69 6f 6e 20 72 64 66 3a 61 62 6f 75 74 3d 22 75 75 69 64 3a 66 61 66 35 62 64 64 35 2d 62 61 33 64 2d 31 31 64 61 2d 61 64 33 31 2d 64 33 33 64 37 35 31 38 32 66 31 62 22 20 78 6d 6c 6e 73 3a 78 6d 70 3d 22 68 74 74 70 3a 2f 2f 6e 73 2e 61 64 6f 62 65 2e 63 6f 6d 2f 78 61 70 2f 31 2e 30 2f 22 3e 3c 78 6d 70 3a 43 72 65 61 74 65 44 61 74 65 3e 32 30 31 32 2d 31 31 2d 31 39 54 31 36 3a 34 37 3a 33 32 2e 37 35 30 3c 2f 78 6d 70 3a 43 72 65 61 74 65 44 61 74 65 3e 3c 2f 72 64 66 3a 44 65 73 63 72 69 70 74 69 6f 6e 3e 3c 72 64 66 3a 44 65 73 63 72 69 70 74 69 6f 6e 20 72 64 66 3a 61 62 6f 75 74 3d 22 75 75 69 64 3a 66 61 66 35 62 64 64 35 2d 62 61 33 64 2d 31 31 64 61 2d 61 64 33 31 2d 64 33 33 64 37 35 31 38 32 66 31 62 22 20 78 6d 6c 6e 73 3a 64 63 3d 22 68 74 74 70 3a 2f 2f 70 75 72 6c 2e 6f 72 67 2f 64 63 2f 65 6c 65 6d 65 6e 74 73 2f 31 2e 31 2f 22 3e 3c 64 63 3a 63 72 65 61 74 6f 72 3e 3c 72 64 66 3a 53 65 71 20 78 6d 6c 6e 73 3a 72 64 66 3d 22 68 74 74 70 3a 2f 2f 77 77 77 2e 77 33 2e 6f 72 67 2f 31 39 39 39 2f 30 32 2f 32 32 2d 72 64 66 2d 73 79 6e 74 61 78 2d 6e 73 23 22 3e 3c 72 64 66 3a 6c 69 3e 73 73 63 3c 2f 72 64 66 3a 6c 69 3e 3c 2f 72 64 66 3a 53 65 71 3e 0d 0a 09 09 09 3c 2f 64 63 3a 63 72 65 61 74 6f 72 3e 3c 2f 72 64 66 3a 44 65 73 63 72 69 70 74 69 6f 6e 3e 3c 2f 72 64 66 3a 52 44 46 3e 3c 2f 78 3a 78 6d 70 6d 65 74 61 3e 0d 0a 20 20 20 20 20 20 20 20 20 20 20 20 20 20 20 20 20 20 20 20 20 20 20 20 20 20 20 20 20 20 20 20 20 20 20 20 20 20 20 20 20 20 20 20 20 20 20 20 20 20 20 20 20 20 20 20 20 20 20 20 20 20 20 20 20 20 20 20 20 20 20 20 20 20 20 20 20 20 20 20 20 20 20 20 20 20 20 20 20 20 20 20 20 20 20 20 20 20 20 20 0a 20 20 20 20 20 20 20 20 20 20 20 20 20 20 20 20 20 20 20 20 20 20 20 20 20 20 20 20 20 20 20 20 20 20 20 20 20 20 20 20 20 20 20 20 20 20 20 20 20 20 20 20 20 20 20 20 20 20 20 20 20 20 20 20 20 20 20 20 20 20 20 20 20 20 20 20 20 20 20 20 20 20 20 20 20 20 20 20 20 20 20 20 20 20 20 20 20 20 20 20 0a 20 20 20 20 20 20 20 20 20 20 20 20 20 20 20 20 20 20 20 20 20 20 20 20 20 20 20 20 20 20 20 20 20 20 20 20 20 20 20 20 20 20 20 20 20 20 20 20 20 20 20 20 20 20 20 20 20 20 20 20 20 20 20 20 20 20 20 20 20 20 20 20 20 20 20 20 20 20 20 20 20 20 20 20 20 20 20 20 20 20 20 20 20 20 20 20 20 20 20 20 0a 20 20 20 20 20 20 20 20 20 20 20 20 20 20 20 20 20 20 20 20 20 20 20 20 20 20 20 20 20 20 20 20 20 20 20 20 20 20 20 20 20 20 20 20 20 20 20 20 20 20 20 20 20 20 20 20 20 20 20 20 20 20 20 20 20 20 20 20 20 20 20 20 20 20 20 20 20 20 20 20 20 20 20 20 20 20 20 20 20 20 20 20 20 20 20 20 20 20 20 20 0a 20 20 20 20 20 20 20 20 20 20 20 20 20 20 20 20 20 20 20 20 20 20 20 20 20 20 20 20 20 20 20 20 20 20 20 20 20 20 20 20 20 20 20 20 20 20 20 20 20 20 20 20 20 20 20 20 20 20 20 20 20 20 20 20 20 20 20 20 20 20 20 20 20 20 20 20 20 20 20 20 20 20 20 20 20 20 20 20 20 20 20 20 20 20 20 20 20 20 20 20 0a 20 20 20 20 20 20 20 20 20 20 20 20 20 20 20 20 20 20 20 20 20 20 20 20 20 20 20 20 20 20 20 20 20 20 20 20 20 20 20 20 20 20 20 20 20 20 20 20 20 20 20 20 20 20 20 20 20 20 20 20 20 20 20 20 20 20 20 20 20 20 20 20 20 20 20 20 20 20 20 20 20 20 20 20 20 20 20 20 20 20 20 20 20 20 20 20 20 20 20 20 0a 20 20 20 20 20 20 20 20 20 20 20 20 20 20 20 20 20 20 20 20 20 20 20 20 20 20 20 20 20 20 20 20 20 20 20 20 20 20 20 20 20 20 20 20 20 20 20 20 20 20 20 20 20 20 20 20 20 20 20 20 20 20 20 20 20 20 20 20 20 20 20 20 20 20 20 20 20 20 20 20 20 20 20 20 20 20 20 20 20 20 20 20 20 20 20 20 20 20 20 20 0a 20 20 20 20 20 20 20 20 20 20 20 20 20 20 20 20 20 20 20 20 20 20 20 20 20 20 20 20 20 20 20 20 20 20 20 20 20 20 20 20 20 20 20 20 20 20 20 20 20 20 20 20 20 20 20 20 20 20 20 20 20 20 20 20 20 20 20 20 20 20 20 20 20 20 20 20 20 20 20 20 20 20 20 20 20 20 20 20 20 20 20 20 20 20 20 20 20 20 20 20 0a 20 20 20 20 20 20 20 20 20 20 20 20 20 20 20 20 20 20 20 20 20 20 20 20 20 20 20 20 20 20 20 20 20 20 20 20 20 20 20 20 20 20 20 20 20 20 20 20 20 20 20 20 20 20 20 20 20 20 20 20 20 20 20 20 20 20 20 20 20 20 20 20 20 20 20 20 20 20 20 20 20 20 20 20 20 20 20 20 20 20 20 20 20 20 20 20 20 20 20 20 0a 20 20 20 20 20 20 20 20 20 20 20 20 20 20 20 20 20 20 20 20 20 20 20 20 20 20 20 20 20 20 20 20 20 20 20 20 20 20 20 20 20 20 20 20 20 20 20 20 20 20 20 20 20 20 20 20 20 20 20 20 20 20 20 20 20 20 20 20 20 20 20 20 20 20 20 20 20 20 20 20 20 20 20 20 20 20 20 20 20 20 20 20 20 20 20 20 20 20 20 20 0a 20 20 20 20 20 20 20 20 20 20 20 20 20 20 20 20 20 20 20 20 20 20 20 20 20 20 20 20 20 20 20 20 20 20 20 20 20 20 20 20 20 20 20 20 20 20 20 20 20 20 20 20 20 20 20 20 20 20 20 20 20 20 20 20 20 20 20 20 20 20 20 20 20 20 20 20 20 20 20 20 20 20 20 20 20 20 20 20 20 20 20 20 20 20 20 20 20 20 20 20 0a 20 20 20 20 20 20 20 20 20 20 20 20 20 20 20 20 20 20 20 20 20 20 20 20 20 20 20 20 20 20 20 20 20 20 20 20 20 20 20 20 20 20 20 20 20 20 20 20 20 20 20 20 20 20 20 20 20 20 20 20 20 20 20 20 20 20 20 20 20 20 20 20 20 20 20 20 20 20 20 20 20 20 20 20 20 20 20 20 20 20 20 20 20 20 20 20 20 20 20 20 0a 20 20 20 20 20 20 20 20 20 20 20 20 20 20 20 20 20 20 20 20 20 20 20 20 20 20 20 20 20 20 20 20 20 20 20 20 20 20 20 20 20 20 20 20 20 20 20 20 20 20 20 20 20 20 20 20 20 20 20 20 20 20 20 20 20 20 20 20 20 20 20 20 20 20 20 20 20 20 20 20 20 20 20 20 20 20 20 20 20 20 20 20 20 20 20 20 20 20 20 20 0a 20 20 20 20 20 20 20 20 20 20 20 20 20 20 20 20 20 20 20 20 20 20 20 20 20 20 20 20 20 20 20 20 20 20 20 20 20 20 20 20 20 20 20 20 20 20 20 20 20 20 20 20 20 20 20 20 20 20 20 20 20 20 20 20 20 20 20 20 20 20 20 20 20 20 20 20 20 20 20 20 20 20 20 20 20 20 20 20 20 20 20 20 20 20 20 20 20 20 20 20 0a 20 20 20 20 20 20 20 20 20 20 20 20 20 20 20 20 20 20 20 20 20 20 20 20 20 20 20 20 20 20 20 20 20 20 20 20 20 20 20 20 20 20 20 20 20 20 20 20 20 20 20 20 20 20 20 20 20 20 20 20 20 20 20 20 20 20 20 20 20 20 20 20 20 20 20 20 20 20 20 20 20 20 20 20 20 20 20 20 20 20 20 20 20 20 20 20 20 20 20 20 0a 20 20 20 20 20 20 20 20 20 20 20 20 20 20 20 20 20 20 20 20 20 20 20 20 20 20 20 20 20 20 20 20 20 20 20 20 20 20 20 20 20 20 20 20 20 20 20 20 20 20 20 20 20 20 20 20 20 20 20 20 20 20 20 20 20 20 20 20 20 20 20 20 20 20 20 20 20 20 20 20 20 20 20 20 20 20 20 20 20 20 20 20 20 20 20 20 20 20 20 20 0a 20 20 20 20 20 20 20 20 20 20 20 20 20 20 20 20 20 20 20 20 20 20 20 20 20 20 20 20 20 20 20 20 20 20 20 20 20 20 20 20 20 20 20 20 20 20 20 20 20 20 20 20 20 20 20 20 20 20 20 20 20 20 20 20 20 20 20 20 20 20 20 20 20 20 20 20 20 20 20 20 20 20 20 20 20 20 20 20 20 20 20 20 20 20 20 20 20 20 20 20 0a 20 20 20 20 20 20 20 20 20 20 20 20 20 20 20 20 20 20 20 20 20 20 20 20 20 20 20 20 20 20 20 20 20 20 20 20 20 20 20 20 20 20 20 20 20 20 20 20 20 20 20 20 20 20 20 20 20 20 20 20 20 20 20 20 20 20 20 20 20 20 20 20 20 20 20 20 20 20 20 20 20 20 20 20 20 20 20 20 20 20 20 20 20 20 20 20 20 20 20 20 0a 20 20 20 20 20 20 20 20 20 20 20 20 20 20 20 20 20 20 20 20 20 20 20 20 20 20 20 20 20 20 20 20 20 20 20 20 20 20 20 20 20 20 20 20 20 20 20 20 20 20 20 20 20 20 20 20 20 20 20 20 20 20 20 20 20 20 20 20 20 20 20 20 20 20 20 20 20 20 20 20 20 20 20 20 20 20 20 20 20 20 20 20 20 20 20 20 20 20 20 20 0a 20 20 20 20 20 20 20 20 20 20 20 20 20 20 20 20 20 20 20 20 20 20 20 20 20 20 20 20 20 20 20 20 20 20 20 20 20 20 20 20 20 20 20 20 20 20 20 20 20 20 20 20 20 20 20 20 20 20 20 20 20 20 20 20 20 20 20 20 20 20 20 20 20 20 20 20 20 20 20 20 20 20 20 20 20 20 20 20 20 20 20 20 20 20 20 20 20 20 20 20 0a 20 20 20 20 20 20 20 20 20 20 20 20 20 20 20 20 20 20 20 20 20 20 20 20 20 20 20 20 3c 3f 78 70 61 63 6b 65 74 20 65 6e 64 3d 27 77 27 3f 3e ff db 00 43 00 06 04 05 06 05 04 06 06 05 06 07 07 06 08 0a 10 0a 0a 09 09 0a 14 0e 0f 0c 10 17 14 18 18 17 14 16 16 1a 1d 25 1f 1a 1b 23 1c 16 16 20 2c 20 23 26 27 29 2a 29 19 1f 2d 30 2d 28 30 25 28 29 28 ff db 00 43 01 07 07 07 0a 08 0a 13 0a 0a 13 28 1a 16 1a 28 28 28 28 28 28 28 28 28 28 28 28 28 28 28 28 28 28 28 28 28 28 28 28 28 28 28 28 28 28 28 28 28 28 28 28 28 28 28 28 28 28 28 28 28 28 28 28 28 28 ff c0 00 11 08 00 f4 01 4a 03 01 22 00 02 11 01 03 11 01 ff c4 00 1f 00 00 01 05 01 01 01 01 01 01 00 00 00 00 00 00 00 00 01 02 03 04 05 06 07 08 09 0a 0b ff c4 00 b5 10 00 02 01 03 03 02 04 03 05 05 04 04 00 00 01 7d 01 02 03 00 04 11 05 12 21 31 41 06 13 51 61 07 22 71 14 32 81 91 a1 08 23 42 b1 c1 15 52 d1 f0 24 33 62 72 82 09 0a 16 17 18 19 1a 25 26 27 28 29 2a 34 35 36 37 38 39 3a 43 44 45 46 47 48 49 4a 53 54 55 56 57 58 59 5a 63 64 65 66 67 68 69 6a 73 74 75 76 77 78 79 7a 83 84 85 86 87 88 89 8a 92 93 94 95 96 97 98 99 9a a2 a3 a4 a5 a6 a7 a8 a9 aa b2 b3 b4 b5 b6 b7 b8 b9 ba c2 c3 c4 c5 c6 c7 c8 c9 ca d2 d3 d4 d5 d6 d7 d8 d9 da e1 e2 e3 e4 e5 e6 e7 e8 e9 ea f1 f2 f3 f4 f5 f6 f7 f8 f9 fa ff c4 00 1f 01 00 03 01 01 01 01 01 01 01 01 01 00 00 00 00 00 00 01 02 03 04 05 06 07 08 09 0a 0b ff c4 00 b5 11 00 02 01 02 04 04 03 04 07 05 04 04 00 01 02 77 00 01 02 03 11 04 05 21 31 06 12 41 51 07 61 71 13 22 32 81 08 14 42 91 a1 b1 c1 09 23 33 52 f0 15 62 72 d1 0a 16 24 34 e1 25 f1 17 18 19 1a 26 27 28 29 2a 35 36 37 38 39 3a 43 44 45 46 47 48 49 4a 53 54 55 56 57 58 59 5a 63 64 65 66 67 68 69 6a 73 74 75 76 77 78 79 7a 82 83 84 85 86 87 88 89 8a 92 93 94 95 96 97 98 99 9a a2 a3 a4 a5 a6 a7 a8 a9 aa b2 b3 b4 b5 b6 b7 b8 b9 ba c2 c3 c4 c5 c6 c7 c8 c9 ca d2 d3 d4 d5 d6 d7 d8 d9 da e2 e3 e4 e5 e6 e7 e8 e9 ea f2 f3 f4 f5 f6 f7 f8 f9 fa ff da 00 0c 03 01 00 02 11 03 11 00 3f 00 ec e3 f8 d3 a3 48 3e 5d 37 50 ff 00 c7 3f f8 aa d4 b2 f8 a1 a5 dd 6d dd 69 73 6e 18 64 19 b0 01 3e 9c 67 9a f9 e3 49 8c 44 37 4a 09 27 b1 e9 5d 0c 12 b5 c4 81 1a 57 8e 32 31 94 00 9f 63 8a e5 58 c9 9b ca 84 51 ef 50 f8 ce 19 80 29 61 3e d2 33 9d c2 a4 5f 16 a3 1c 2d 8c a4 ff 00 be 2b 86 f0 c4 57 4b 69 89 6e 12 e6 30 3e 52 17 0d f8 d4 d2 eb b6 b6 57 c2 2b 86 41 91 d3 b8 ad 16 26 6c c6 54 ec 76 72 f8 ba 28 81 32 d9 48 a0 75 cb 8a a7 71 e3 fb 1b 74 2d 25 b4 99 1d 40 71 9a e1 35 ed 50 5e 36 2d ce 22 3f c5 eb 58 37 52 44 91 92 b3 24 b3 75 05 c7 19 1e fd 0d 5c 6b 4d 89 45 5b 53 d0 e6 f1 e6 83 aa 5d db 3d ce 86 f7 33 5a 3f 99 04 92 c2 ae 62 7f ef 21 20 ed 3e e2 ba 26 f1 8d a2 a6 ef 2c

309
01
A101
1
1
3
4000
0x1e 33 8f 33 04 7e 95 e0 ff 00 f0 91 dd 5b 48 2d e3 b5 09 bd f6 a4 b0 fd d5 cf ad 77 da 27 83 75 1d 44 25 dd f1 12 c4 f8 62 8a c4 0a da 33 93 25 a5 7d 0e b5 fe 20 59 07 d8 96 93 4a de 88 c2 ad 5b 78 c1 67 45 75 d3 2e 15 5b a6 e7 51 fa 55 48 3c 2b 6f 6f 0a 79 11 dc 23 af a2 8c d5 c8 bc 3c a3 6c 8f 2b ac 99 ce 3c b3 8a 6e 52 b6 85 c6 31 fb 45 e8 b5 f1 23 00 2d 48 fa bf ff 00 5a ae 2d fb 9e b0 c6 a3 d5 a4 3f fc 4d 67 da d8 3a 33 8d e7 1d 54 b2 63 8f 7a 49 a5 92 da 56 8e 68 59 d3 19 de 10 91 9f 4a cd 4a b7 5b 14 d5 3e 86 c4 73 49 27 dc 5b 72 7d 3c d6 ff 00 e2 6a 75 49 db fe 7d 3f 19 5b ff 00 88 ae 61 f5 18 63 71 f3 f9 64 f1 d0 ff 00 3a 77 da e7 92 43 e5 cc 76 fa 83 91 58 d5 c4 d4 a5 f1 22 a9 d1 55 36 3a 57 59 63 19 77 b1 51 ef 39 ff 00 e2 6b 9d b7 f1 5d ac d7 8d 6e 23 54 2b 21 8c c8 cf f2 e7 d7 a6 71 f8 54 cf 60 d3 40 ef 71 26 46 33 96 35 c4 6a 9a 64 76 b7 26 6b 77 91 b7 1e 98 a7 0c 5b 93 d4 89 53 51 3d 69 6c 6f 59 41 54 b4 20 f4 22 66 ff 00 e2 29 7e c1 7d ff 00 3c ed 7f ef f3 7f f1 15 c6 78 77 50 7b 9b 43 e5 bb 24 ab d5 41 ea 7e 95 a4 fa b5 d5 b3 0d d7 6e 9e cd cd 6b 2a fc bb 90 a1 73 a1 fb 05 f7 fc f3 b5 ff 00 bf cd ff 00 c4 51 f6 0b ef f9 e7 6b ff 00 7f 9b ff 00 88 ac 58 fc 47 76 50 32 4c ae 3d d0 54 f1 78 ae 41 c4 8b 16 7d f2 29 47 12 a5 b0 dc 2c 69 fd 82 fb fe 79 da ff 00 df e6 ff 00 e2 28 fb 05 f7 fc f3 b5 ff 00 bf cd ff 00 c4 51 6b ac dc 4a 81 cd a8 2a 7a 10 d8 ab a9 a8 f7 92 16 41 f5 cd 69 ed 19 3c a8 a5 f6 0b ef f9 e7 6b ff 00 7f 9b ff 00 88 a3 ec 17 df f3 ce d7 fe ff 00 37 ff 00 11 57 4e af 64 1b 6b 4c 14 fb 8a 9a 3b eb 59 08 09 32 1c fb d1 ed 18 59 19 9f 60 be ff 00 9e 76 bf f7 f9 bf f8 8a 3e c1 7d ff 00 3c ed 7f ef f3 7f f1 15 b6 19 5b ee 90 7e 86 96 8f 68 c7 ca 8c 3f b0 5f 7f cf 3b 5f fb fc df fc 45 06 c2 f8 0f f5 76 c7 fe db 37 ff 00 13 5b 94 51 ed 18 72 a3 9c 9e 0b e8 50 b3 5b 44 40 f4 94 ff 00 f1 35 95 67 aa c9 77 aa 7d 82 2b 40 25 c6 4b 34 a3 68 fd 33 fa 57 61 a8 9c 58 cd f3 6d ca 91 9a f0 8d 5a eb 51 b7 f1 1a 49 69 a9 cd 18 0c 14 91 8c e3 ad 4c eb 38 a0 51 47 b1 fd 82 fb fe 79 da ff 00 df e6 ff 00 e2 2a bc c9 71 08 cc 82 d0 7f db 63 ff 00 c4 d6 a5 b5 91 92 d6 1f b4 dc 4f 2b 15 05 b2 d8 04 e3 d0 54 ab a7 5b 20 1b 63 19 1d 09 e6 9a a9 26 8a e5 89 94 96 b7 8e 01 48 ad c8 3d fc d6 ff 00 e2 68 9e d6 ee 08 5e 59 56 d4 22 8c 93 e7 37 ff 00 11 5b c2 35 18 c7 18 f4 ae 4f e2 56 b2 9a 4f 87 e5 72 7e 62 09 1c d3 53 91 0d 24 70 fa c7 c5 4d 2f 4a be 6b 59 ec ae 64 70 4a ee 89 94 af ea 45 65 df 7c 6f d1 2c d0 34 ba 66 a2 41 19 f9 76 7f f1 55 e0 5a a6 ad 25 ee ae f2 12 48 df c1 3d ea b6 ba de 71 85 01 c9 2a 45 12 a8 d3 d0 83 e9 fd 2b e2 76 9f a9 c2 b2 41 61 74 9b 87 dd 90 a8 23 eb 83 5d 35 9e b2 f7 70 ac b0 d9 92 84 67 97 ff 00 eb 57 88 f8 53 4d 99 20 55 85 43 31 0b 80 7a 1e 3a 57 a2 78 72 e6 f6 1d d0 dc 80 a5 4e 30 00 03 e9 51 56 b4 a3 1b a0 3a a9 b5 99 22 6c 1b 17 27 d9 ff 00 fa d4 c9 35 e2 8d b7 ec 6c c7 d9 ff 00 fa d5 55 bc c9 1f 70 db 8f 73 59 fa 84 7b ee a3 d8 fb 48 39 61 ea 2b 97 eb 75 2d 70 3c f3 fe 1a 73 c2 df f4 06 d6 ff 00 ef 88 bf f8 ba 3f e1 a7 3c 2d ff 00 40 6d 6f fe f8 8b ff 00 8b af 91 a8 ae df 68 cd 39 51 ef eb 6d ba 20 3a 1f 5a 7c 37 11 69 99 76 da cc 3a f1 56 a6 1b 63 e2 ab d9 e8 77 5a b5 c9 8a de dd 6e 72 41 f2 cb ed cd 79 10 de c7 a1 2d ae 6b 59 78 a9 70 02 4f e5 82 31 85 e7 23 bf 4e 95 a7 6d 1d de aa 4c d6 d6 de 73 13 8f 34 74 fa f4 ae 8f c1 1e 08 8e 2d 31 be df a6 c9 1c 98 c1 f3 40 cf d7 22 bb af 0a 68 d6 da 6d 8c b1 db c5 f2 29 3f 29 19 1c 74 ae b5 13 9a 4c e7 7c 3b f0 e6 ea fe 13 25 fc cd 11 ff 00 9e 40 05 c7 b6 47 35 d0 de 7c 2e d3 ae 34 a9 22 31 ec b9 e3 6b a3 67 9f a5 6f 68 7a ac ff 00 6d 6b 63 0a 6d dc 7e 6e f5 d4 ac 84 8e 57 06 b6 85 91 8d cf 91 35 ed 16 4d 17 56 31 b6 ef 2e 36 e4 01 8e 3e 9e b5 f4 87 86 b4 78 5f 48 b6 65 df b1 90 30 3b bb 62 bc f7 e2 6e 9a d7 3a b4 ae a8 15 88 ef f7 7f 1a f4 8f 87 57 b2 5c f8 66 d1 26 55 0f 12 04 e3 da af 99 09 1a 5f d8 71 76 96 51 ff 00 02 a1 34 86 43 f2 5d 4a 07 bf 35 af 45 26 ae 5f 33 32 9f 4a 72 41 17 2f f9 53 d7 4f 99 7f e5 e7 23 dd 6b 4a 8a 2c 2e 63 34 d8 4a 46 37 44 47 a7 96 2b 16 6d 05 61 bc 46 50 12 2e 7e 54 18 1d 73 c5 75 6c 42 a9 27 a0 19 ac d9 35 5b 66 83 ce 55 77 51 fe cf 3f 95 65 52 94 67 f1 15 1a 8e 3b 18 3a be 9f 7f 76 04 56 ca be 48 3f 36 5b a8 fa 56 5c 9a 05 fe d0 1a 25 3e f9 e6 bd 06 07 59 62 59 10 61 58 64 64 54 98 1e 95 9a c3 f5 b8 f9 fb a3 c3 6c ee db 48 d7 96 27 8c 88 a4 38 c1 eb 9f 6a e8 75 ad 3e 7b e9 04 8f 01 da 79 50 73 c7 1d ab a4 f1 87 85 ac 35 26 b7 bb 96 32 ad 03 6e 3e 59 c3 1f a5 74 36 2b 6e f6 ea b0 3e f4 4f 94 64 e4 8c 53 9d 37 25 ca 85 19 59 dc f2 39 52 fa 00 c8 b0 ca d8 e8 31 5b 9e 0e d3 0d f5 c0 9e f6 3c 6c eb 1b f0 73 5e 8c 2d a1 dc 1b 62 ee 1d 0e 2b 37 51 d3 ee e6 9d 1e de e6 38 c0 ea 0a 73 53 4b 0f c9 ab 1c e7 72 de d1 1c 7b 42 ed 00 7a 57 3b ab df 20 3b 37 1c 9e 38 ab 5a 94 77 ab 38 df 2a 24 44 63 e5 6e f5 cd d9 05 97 54 93 cc 90 b2 a6 71 90 7a d7 43 76 31 5a 9a 16 90 a8 22 49 39 27 d6 b4 e0 b9 b7 88 7d e8 f8 3d 2a 85 dc 72 3c 41 61 52 49 f4 ac f8 74 7b b7 94 33 20 c6 73 82 d8 cd 73 ca 72 be 86 f1 84 5a bb 67 42 35 18 1a ec 41 13 9f 30 8c e2 af c5 3c a7 8d ed 8a cf 82 ca 45 19 0b 0a 49 8e 0e 33 56 a3 b6 b8 6e b7 18 1d f0 2a 93 66 65 b5 92 63 c8 90 fe 22 a5 77 9b 6e 56 40 3d 8a d4 11 d9 48 54 86 b9 93 14 bf d9 f1 e3 e7 69 1c fb b5 57 33 03 13 c4 77 97 12 da ba 2c a2 3c 76 5e 87 eb 5e 79 a7 e9 4b 3e a2 ce e1 8a ee eb 5e a9 3e 99 6f b4 fe ef 39 f5 35 41 34 f8 e3 97 e4 40 2a 64 ef b8 2d ce 9e 1c 79 29 83 91 b4 53 eb 26 f2 fd ac ec 82 85 fd e6 30 a7 b0 ab 56 f7 4e ea 81 d5 77 11 c9 53 5d 0b 63 47 4a 49 73 74 2e 57 cf 3f b4 96 ba 6d 62 92 ce 39 1b 71 1d 31 d2 be 86 af 90 ff 00 69 bb 86 ff 00 84 98 0c f5 4c 55 44 c5 9e 3b 63 31 6b 9c b7 ae 6b a3 d2 21 5d 47 5d d3 e1 90 65 7c e5 27 d3 00 f2 2b 91 81 8a 48 0d 7a 07 84 7c b3 73 6d 26 d1 b9 5f 20 d4 4b 56 49 f4 c6 a5 e1 98 2d 6c a2 b8 82 10 61 c0 cc 6b c1 27 da b2 f4 49 2d e4 42 56 37 4d e7 f8 ce 6b 7f c3 9e 23 fb 6d b0 b4 9a 06 56 50 00 dd ce 78 ed 54 cd 84 96 d2 30 64 03 07 8c 0c 71 58 62 2f ca 0c dc b3 b5 f3 22 0c a4 56 0e a7 1c 8b 7e 32 80 63 ae 05 74 1a 14 8c a0 ab 0e 0f 4a a1 ac 16 7b e6 f2 70 4e 7b d7 3d 97 20 8f ce ea 28 a2 bd 13 43 e9 5b a8 4e 32 3a 56 d7 c3 8b 85 8f c4 71 03 dc 81 c5 47 a7 5a 3d e4 cb 10 1f 78 ed cf a5 6b 43 e1 f9 7c 3f ab fd ab 76 e8 91 c6 48 e0 8a f3 a8 c3 de b9 dd 55 f2 a3 df 56 db ce b6 5d b9 e4 73 f9 51 63 a6 9b 65 60 55 70 c7 90 bd 0d 4d a2 4e 93 d8 46 c9 d8 60 d6 85 77 72 9c 37 29 a5 aa 21 dc b1 00 de b5 61 39 a9 28 a3 90 0f 3a f8 a5 6e 90 da a5 da ee 57 43 f7 87 bd 27 c1 fd 41 2e 74 e9 e2 f3 03 32 37 03 39 38 f7 ae 8b c7 d6 b1 5c f8 7e 71 20 e4 0c 83 f4 e6 bc df e1 2d fd b4 5a a3 c6 a4 86 94 8f 61 c1 f4 a5 6b 08 f6 ca 28 a2 b4 18 51 45 14 00 1e 46 0d 34 45 18 5c 6c 5c 7a 62 9d 45 00 00 00 30 38 02 8a 28 a0 0a 9a a1 db 68 ce 01 25 7d 3a e2 b0 26 7f b3 bc 17 96 df 69 86 36 38 75 2a 08 3e e4 57 52 ea 1d 4a 9e 86 a3 68 14 db f9 40 90 31 d6 a6 c0 48 87 72 29 ce 72 3a d3 1d 73 58 1a 1d e5 d5 a5 ec 9a 7e a5 f3 12 c4 c5 28 e8 47 a5 74 2f 9e d4 31 18 da 9e 9c 97 2f e7 19 19 5d 47 00 74 35 53 4f b3 d9 03 b3 46 37 67 39 ae 81 14 16 e7 91 4c bb 21 13 0a 07 cd c5 43 8e 97 11 94 aa 47 41 53 c7 13 bb 02 29 08 e2 ad 59 b8 40 c1 ab 28 ea ca 11 62 38 3c 8e 3a d4 d0 c6 19 03 2b 06 07 d3 a5 43 18 8e 18 ca 46 8c ca df 7b 93 cd 58 b3 08 96 ea 91 ae c5 19 c0 3d aa d5 8a 64 81 70 29 48 a5 a2 90 88 a4 5e 2a 89 4c cb 56 ee 5b 6c 6c 7d 2a a4 2f 96 e6 90 19 de 20 1b 6d d0 b1 e0 1e 2a d5 84 a1 64 89 33 90 40 c0 ac 1f 16 c7 a9 19 c1 b5 68 cd be 3a 39 c7 eb 55 3c 39 2c ad aa 27 9b 70 d9 f4 c8 c7 15 d0 9d d5 8f 42 52 8b c3 ef a9 de de c8 63 b5 91 83 6d 38 38 3e 95 f1 6f c7 a0 93 78 87 74 37 1e 70 2f 82 47 f0 f5 e3 15 f6 3e a3 e6 49 6b 20 fe 1d 84 e3 f0 af 92 be 36 e9 d2 5b 6a bb e6 48 d7 73 02 0a f1 c5 34 cf 38 f2 0b ef 91 03 01 d2 bb ef 87 41 ca db ca 40 20 38 1c 8c f6 35 c1 ea 4c ad 80 0e 31 5e a1 f0 b5 e3 6d 20 8c 8d e0 ae 09 ed d6 86 4b 3d 4b 40 d6 c3 ea 10 89 97 64 b1 80 36 f4 fd 2b d1 06 a3 6b 25 a8 2c 72 f9 e7 26 bc c2 e1 a2 17 42 e0 e0 02 c5 80 c7 35 1d e6 b0 e6 39 3c b0 22 55 c6 4b 1c 12 47 5c 7a d4 b8 a7 b9 75 1a b2 b1 ea 28 e4 85 92 c6 e3 7a 0e 4e 3b 52 c5 03 19 3c c2 09 26 bc c7 45 f1 1d c5 cd bb 47 1f c8 c9 c6 53 82 45 7a 56 8e d7 6d 6c bb e5 05 80 00 e4 57 25 97 3d 8c 8f ce ea 28 a2 bb 4d 0f a6 7e 12 78 e6 cb 5a d6 a0 b5 bb 8f ec d7 64 83 93 f7 5b e8 7d 6b e8 2d 4b 4e b2 bd c4 37 52 08 44 e3 0a e7 1c 11 eb 9a f8 9f e1 26 b5 a5 68 3e 2f b3 bf d7 6d da 6b 48 79 21 46 4f e5 8a fa 73 c5 7f 15 bc 09 a9 68 00 5a 5c 34 b2 95 c2 c3 1a b2 48 a7 eb 8e 2b 35 04 b6 1b 9b 7b 9e b3 64 f0 e8 d6 31 0b ab 84 58 ca 80 1c f4 38 ff 00 f5 d6 65 ff 00 c4 7f 0b 58 12 2e f5 7b 68 c8 ec 5c 64 fe 19 cd 78 df 81 fe 21 d9 ea 5a 73 e9 fa a3 98 94 e4 08 ee 1b 77 1c f3 91 f5 f4 af 2c f8 85 e0 f4 d0 f5 17 b9 81 5e 4d 3a 66 32 46 e3 e6 41 ce 71 bb bf ff 00 aa ac 95 a9 f4 e5 c7 c6 cf 03 c2 58 7f 6b a3 95 ec 01 e7 e9 58 37 9f b4 1f 87 15 8a d8 5a de 5e 11 fd c4 23 f9 8a f9 6e c9 ac a4 6c 4c 8d b4 72 02 1c 67 eb 57 22 7b 54 94 12 0e d0 78 07 b0 a0 67 d9 1a 5e bc 9e 29 d2 19 ef 2c fc 8b 59 17 f8 dc 6e 00 8e d8 e9 c7 7a f2 ab c7 d3 3c 27 e2 58 1e c6 72 c3 cc dc ca 5f b1 3d 2b cf 6d be 21 c5 0d 8a da db dc 5d c4 a8 71 94 c6 3f 1a e7 e5 b9 37 b7 4d 33 96 9b 77 cc 4b 37 5a 91 23 ed fd 13 55 b7 d5 ac a3 9e dd d4 ee 5c 90 0d 68 57 ce bf 03 7c 56 d6 24 69 d7 57 04 a9 fb a6 4f f3 fd 6b de 24 d5 e1 84 21 9d 59 15 f8 0e 06 57 34 ef 6d ca 49 b3 4a 8a a8 2f 90 9c 0e 9d 98 72 a7 f1 1d 29 0d e8 7c 8b 55 49 dd 4e 19 56 40 30 69 7b 48 b1 b8 34 5c a2 a0 f3 2e 3f e7 82 ff 00 df cf fe b5 43 70 d7 6c 87 64 71 a7 b9 6c ff 00 4a ab 92 5d a4 dc 3d 45 73 af 63 a9 49 cb 1b 75 07 a6 1c f3 4d fe c8 d4 4f f1 db 0f ae ea 35 03 a4 dc 3d 47 e7 4a 08 3d 0d 73 83 47 bf ef 2d b7 e4 df e3 56 ec 60 bb b3 90 bd c0 43 1f 43 b1 8f f5 a2 ec 09 b5 58 11 f1 22 6c 13 27 23 b1 35 72 d6 4f 36 d9 58 90 5b 1c fd 6a 9e a7 66 d7 b1 23 db 94 0f dc b7 a5 49 a5 c5 24 56 e6 29 d4 2b f7 da 78 a4 05 88 e4 5d e4 6e 19 fa d5 6d 42 40 24 51 9e 82 a9 36 9e 6d af 7c d5 b9 40 ac db b6 30 c5 4f 7b 6d 2b ce 24 55 dc b8 ed 50 de 96 0b 0c 56 07 9a 70 6c f4 eb 55 db 56 d3 6d 24 29 70 5e 29 94 67 63 a9 04 8f a7 7a 82 5f 11 d8 f9 fb 2d d1 64 5f ef 7d de 6b 9e f6 34 e4 7d 0d 58 89 c5 48 a7 6f 39 35 05 b4 e9 2c 5e 6a 80 13 fd e1 50 3e ab 64 0f 37 30 8f 62 dc d5 5f a9 36 b6 86 a8 94 62 9c 5b 8a e7 6e 7c 4f a4 5b b1 5f b6 44 f2 01 9c 2b 54 53 f8 8c 16 1e 54 7f bb f5 cd 43 aa 96 e5 a8 36 74 33 10 41 1d 8d 53 da ab 27 cb de a9 5b 6b 16 f2 21 f3 64 58 f1 fd e3 55 ee 35 7b 58 ce e5 9e 36 fa 30 aa 8c ae 43 4e 3b 9b 59 06 37 59 23 8d c6 3f 8c e0 57 34 fa 7d bd 96 a1 f6 db c9 61 b3 89 79 2c 5b 8e 6a ee a1 7f 29 b1 05 36 e1 fa 30 39 1f a5 73 13 5d 49 75 09 b6 bc 45 9e 12 70 54 c8 71 f9 62 ba 20 c8 d5 9d b4 97 30 ea 16 52 35 95 e4 0c 08 2a 18 37 19 c5 7c f7 f1 c7 c3 97 69 a4 cd 75 24 b6 73 63 91 e5 48 4b 64 75 c8 e9 5e c3 a4 4b 6f 65 e6 43 7a 1a 18 9b 3b 02 83 80 3a 67 db e9 5e 7b f1 1f 49 82 7d 3e e6 28 c5 db 46 ea c7 39 66 0c 4f a7 eb 5a a6 8d e8 51 73 be a7 c7 b3 5c 33 48 d9 dd 9c f7 ae fb e1 9e a3 24 77 1f 66 dd c3 60 e2 b8 bd 6a cc d9 df 49 19 ec 78 c1 07 f9 54 fe 1e d4 0d 95 ec 72 a9 c6 08 07 1d 69 33 09 2b 3b 33 ea 9f 0c 69 56 9a e4 0b f6 ab d9 a0 90 12 4a 94 ce 08 fc 6b 7b 52 d3 74 b8 49 b6 16 f2 5d b6 38 2a fc ff 00 2a e2 bc 2f ab 43 65 73 0d e0 90 35 9c c0 31 27 9d b9 e3 35 ea d6 1e 1e 6b c8 e3 d4 6d 96 cf 51 52 37 20 67 23 07 d2 91 9b 7c cc e6 6d 3c 3f 6b 14 46 6b 7d 2a ed 47 6c 4b 80 7f f1 da bf 6b ac 6a 31 e5 53 4c 95 53 b1 76 cf f4 a9 bc 4d 77 e2 8d 31 37 0d 33 c9 b1 07 04 c4 c2 4d be e7 06 97 49 d3 b5 8d 52 cd 6e 2d 2f a3 92 17 19 1c 9f d7 9a 89 43 95 f3 72 dc 0f 80 a8 a2 8a d0 d4 dd 87 11 8c 29 e6 a5 17 0c 87 a9 cd 40 41 8c 73 d6 a3 27 71 cd 48 1a 11 ea 72 c7 83 e6 91 f4 ad ab 6f 1c df c1 08 84 c8 d2 c4 78 74 70 19 5f ea 3b d7 23 21 00 73 50 07 0c 78 a6 33 ac b9 f1 05 95 cc 8d 27 f6 74 70 ca c7 97 85 8a 0f fb e4 e4 7e 58 ac f9 35 6c 8c 62 b1 31 51 4b 21 5e 05 02 35 9f 53 95 e5 25 b6 81 db 6a e0 62 b5 74 dd 59 90 ed 2e 39 ae 44 48 49 eb 53 c5 26 d3 9c d2 b0 cf 41 b1 f1 04 b6 77 09 2c 72 e3 07 24 67 ad 7a e7 84 fe

309
01
A101
1
1
4
4000
0x2c dc e3 ca 99 91 d4 f1 b6 43 9c e6 be 69 17 2d dc d5 ed 3e f6 48 a6 5d 8e 57 26 a2 71 d0 b8 3b 33 ea 75 f1 54 d3 1f 33 4c bb 92 d4 37 df 44 3f 2f e4 6b 4f c2 ba ed cd 8e aa 27 8b 32 bb 9f 99 01 fb f9 35 e0 9a 07 89 5a 20 8b 31 62 3a 1c 77 af 61 f8 7f 7b 6b 3d fd b4 ce 77 2a 10 78 38 3f 9d 70 b8 ca 32 47 5a 92 92 b1 ec 9f f0 9a 38 41 ff 00 12 1d 59 a4 ee 16 25 c7 e1 f3 56 67 88 7e 20 4b a7 69 ef 3d cf 86 75 95 83 a3 17 80 70 7b 74 6a 9e e3 e2 8f 87 2c 49 8e f2 4b b8 24 5e a9 24 3c 8f cb 8a a1 75 f1 57 c2 f7 b6 ef 0a 0b e9 03 0e 36 c1 d7 f3 35 e8 27 74 71 4b 46 60 e8 1e 3e d5 75 4b e9 bf e1 1c b1 b8 b9 55 e5 ed ee 64 03 69 f4 1f d6 ba a3 af 78 ce 4c 08 fc 34 10 91 d5 ae 54 7f 35 af 3b f0 d7 8b 6d bc 2f a8 dd c8 ba 67 db 2d e7 63 22 ca 0f 95 20 e7 a6 32 57 bf 6a ea 8f c6 7d 3c 81 b3 4b 9b 71 38 01 a7 51 9a 64 5c b9 3d d7 c4 89 73 f6 7b 3b 58 39 fe 39 51 b8 ff 00 be 69 96 6d f1 39 6e 41 bb 4d 3a 48 0f 55 0c 80 e3 fe f9 aa cd f1 7d 78 31 e8 dd 7d 6e 70 47 e1 b6 a1 9b e2 e5 c9 7f f4 7d 32 db 67 fb 53 9c ff 00 2a 2e 33 d0 74 7b cb 99 2d 7c 8b c8 fc ab 81 90 c3 76 39 ae 5b 55 d6 75 bd 3f 58 9a 2f b4 62 30 7e 50 c8 08 c5 72 b7 1f 11 2e e5 b9 8e 67 d3 ed 21 55 3c b4 52 31 c8 f7 15 da 43 75 63 e2 fd 34 3c 57 02 2b a8 ba 16 eb 9c 7f 2a e7 ab 2e 6d 13 35 82 b6 ac c2 f1 3e ab a8 5f 69 af 2c 13 6d 9d 73 80 a3 23 3d ab cf df 5a f1 40 85 8c 73 6a 11 c9 93 b9 92 29 19 47 bf 06 a7 f1 57 88 35 6d 02 ea 58 15 c8 68 f7 70 46 72 3d 6b 0f c3 bf 10 f5 06 ba 27 71 64 7c 86 55 1d 07 d2 b9 23 59 d3 d1 ea 76 fd 55 54 57 45 cd 37 c4 7a d4 ba 82 b6 b1 7a 2e d1 4e 33 23 36 e5 1d b8 35 d8 58 dd 47 78 ea 23 e8 d5 e6 de 33 f1 04 77 92 89 24 4b 83 70 47 04 60 63 f1 c7 35 bb f0 a3 4e f1 2e a0 5a fb fb 32 47 d3 63 3f 23 34 98 2f f4 cf 26 ad a7 2d 51 1c ca 3e e9 de 6b be 10 bc d4 6c d1 ed 2e ef e2 1c 33 0b 70 09 fc 46 6b cd bc 5b a7 cb a3 db 17 8b c4 1a 87 9e 99 26 29 e3 d8 4f e3 5f 43 69 33 7d a6 31 03 5b ba 4a bf 2b ab 75 5a f3 2f 10 78 2c 8f 1a c0 9e 25 67 ba d0 ef 03 c2 24 72 76 c6 c4 71 ce 78 e7 a1 f7 35 d1 4a ed 58 e7 ab 6b 9e 33 e1 ff 00 17 2a ea b1 fd a7 50 49 17 3f 31 3c 1f cf d6 bd 7e df c6 1a 74 cb 1a 43 20 11 e0 71 c6 6b ca 3e 29 7c 3c 8f c3 be 23 58 2d 60 66 b5 99 7c db 77 27 39 1e 99 ee 46 6b 37 49 d1 27 81 e3 27 78 c7 b9 ac 71 14 ba 95 4a a5 8f a0 35 0b 4d 3f 58 d3 01 b9 96 74 4c 64 34 2d b5 85 71 1a 96 99 e1 78 83 2c 7a ee a2 b3 2f 00 3b f5 ad 5f 0b 4f 32 58 ec 72 58 63 18 7e 6b 90 f1 9f 87 87 db 84 d1 46 40 23 b5 65 46 4d 68 cb ac 93 57 46 d7 87 b5 a5 d0 86 c8 3c 4b 78 6d b3 9f 2a 56 12 01 cf 20 77 ad 7d 73 c7 11 4c 8a b6 ba 96 cf 56 40 14 9a f2 a1 a1 48 3e 63 11 fa e3 34 d9 74 b1 1a 8f dc b9 27 d2 bb 63 24 73 28 9d e3 78 aa e5 d5 b3 e2 1b 95 eb c1 71 ce 6b 3a 7d 4a 59 47 cb e2 6b 8f 9b 8d a2 53 cd 72 a7 44 49 63 dd b5 b3 dc 51 06 82 63 60 ea 0f 07 38 39 aa bf 62 ae d1 ce fc 47 d2 24 99 de e8 6a 22 e5 c7 de 47 71 bf 15 c5 d8 e9 06 e6 d5 e4 b5 7f de a1 e8 6b 73 e2 38 78 2f e3 f2 19 90 63 3c 1e 95 ce 41 a8 44 1b ce 0c f0 5c e3 e6 65 fb ad 5a 27 dc c5 eb b9 d5 f8 63 c4 d3 e9 ca 74 fd 44 91 10 3c 06 e4 2d 77 ba 27 8e bc 53 e1 b4 67 d1 2f 3c cb 46 39 2a 57 78 fc ab c5 a4 ba 8e f0 7e f5 ff 00 79 9e 0e 3a d5 db 0d 66 ff 00 4d 93 f7 33 65 41 e9 9e 0d 52 64 a8 a4 7b ab fe d0 3e 27 10 34 52 a5 a1 90 f0 59 a2 db fa 56 27 85 7e 24 ea f6 f2 5c ef b9 28 65 93 cc 2b 1e 36 e4 e7 b7 6a f3 9b bf 17 4d 74 bf bc b3 b4 df 8c 6e 11 00 68 85 e5 3c b0 55 3d b6 1a 77 43 b1 c0 51 45 14 8a 37 af 01 12 65 bb 8e 95 5d 08 1c 1a 96 e9 8b 4a db 8e 79 a8 1b 81 c5 20 19 36 5b 81 48 91 84 1d 39 a7 29 e6 89 b8 1d 68 02 29 1b 15 56 4f 99 b8 a9 b1 93 40 5e 68 15 c8 d1 48 e4 d4 a0 54 82 3c 81 43 80 14 01 d6 86 31 b8 e2 a4 84 90 e3 14 e8 10 1e b5 34 69 99 80 5f 5a 56 1a 34 ac 27 64 da 49 e2 bd 07 c1 9a e4 b6 37 28 63 61 b4 9e 87 a5 79 e0 8c ac 40 d5 dd 32 ed e1 9d 3f d9 39 00 d6 6e 9a 66 8a 4d 1f 57 ea 1e 17 3a df 87 bf b4 5a de 39 e4 89 37 ed 04 e4 f1 c6 31 5e 49 63 2d b4 da d1 b3 b7 b5 9a da 78 c9 dc 8c 48 e4 75 1d 2b d7 3e 04 78 c0 6a 1a 6a d9 dc b0 2e a3 8f 7a ee 7c 65 a5 e8 11 58 4d 73 77 63 6a b3 b6 5b cd 6c a9 27 af 0d 56 95 8c e7 a9 f3 d7 8b 5a e2 18 e3 f3 b4 e9 2e 54 fc a3 64 65 b2 7f 01 58 30 dd 5f 00 7c ad 0a 69 31 d4 e0 71 fe 15 eb 3e 17 9f c3 7e 20 99 f4 ad 52 46 49 83 7e ea e2 de 6c 3e 3d 3a 73 8e 39 c5 4d af c7 f0 cf c3 57 c2 db 57 9b 59 92 e3 92 10 99 1b 8f 5c 8c 02 2a d2 b9 07 95 2d fe b2 ca 04 7a 4e c1 d7 0e d8 14 47 a8 eb f8 c7 d8 ed 63 1e f3 74 fc 85 7a 35 af 8a be 16 c9 22 47 67 e1 fd 5a ea 46 e4 16 2d 83 f9 c9 fd 2b a3 b3 bf d1 27 78 d6 c3 c0 10 b6 4f 06 e2 48 ff 00 fb 2c d2 68 a5 a9 e5 16 12 ea b7 69 b6 f1 6d 49 ed e5 be 48 fa d3 ec b4 cd 65 2e f3 63 a9 49 69 19 38 60 bc e4 7d 6b d7 bc 55 a3 69 8d a7 25 dd b6 93 6f 61 72 a3 94 85 f1 f8 60 70 6b 82 9a 61 6d 13 88 94 b3 8e 80 57 99 5e 76 96 87 a5 46 09 ad 45 b4 4f b2 4e 5b 58 98 5f 48 ff 00 78 bf 06 83 e1 48 9b 53 17 fa 3d a8 f2 0f df 40 46 45 66 43 a7 dd 6a 37 1e 6d e9 30 5b b7 f7 4f cc 6b b5 d3 74 b7 b1 b5 8a 5b 2b e3 3c 2a 7e 65 7e b8 ae 4e 7b b3 b2 3e ea b2 39 6b 9f 06 43 77 e2 0b 39 75 26 68 ed 94 82 54 ff 00 1f b7 b5 7a dd cd 96 b7 77 a4 0b 6f 0d 9b 4b 78 95 36 c6 e1 f0 3f 2c 64 57 07 e2 e5 9a e7 4a 12 5b cc e2 50 7e e8 e3 1f 53 5a 1f 0d fc 5f 2d 96 cd 3f 51 90 6f ce 15 bd 73 5d 94 aa e9 63 82 bd 2d 6e 77 9e 01 b1 d5 74 5b 53 06 bb b5 a5 90 93 e6 79 bb cf e3 5d 36 ac 6c 24 b2 78 b5 23 0b 5b c8 30 55 f9 04 57 35 e2 7b 66 b9 b2 17 31 df c9 6f 2c 63 72 e0 fc ad c7 a5 78 fe b1 e3 09 42 c8 25 9f 74 c9 f2 83 bb 8e 0f e9 5d b4 a7 73 92 71 68 83 c5 da 3c 3a 6e b2 16 da ed ee ac d4 9f 28 4a 72 63 1e 9c f6 a8 ca d9 a4 59 12 a1 20 74 cd 70 5a 8e bd 3d fd d1 79 d5 8a 93 d4 f1 9a cb d5 7c 40 f0 20 4b 7c 21 0b f5 aa 94 39 99 11 d0 f5 4b 7d 72 d6 c6 10 16 45 2e 0f dd a8 f5 3f 88 09 14 41 35 0b 1b 79 ad ce 70 c8 e3 cc fc ab c2 07 89 af 91 d9 8c 8a 49 eb 9e 68 b9 f1 1b dd 43 b6 64 57 c7 b5 47 b2 48 b7 3b ab 1e f7 a5 6a ba 6e ab 6b e7 69 f2 28 20 fc c8 e7 0c b5 56 f2 f5 07 98 51 a3 25 06 48 e2 bc 27 4c d5 65 8a e4 bd ac 8d 16 ee a0 1a ea 6d d7 50 68 c5 d2 5c 82 ac 39 e3 35 84 e0 d3 d0 da 97 2f 53 a2 f0 c6 b9 75 73 ac 49 1b cd 19 88 b6 dd 9e 49 e0 1f 7a ee 2e 61 09 04 8e 54 70 33 d2 bc 8a c3 5b 4d 16 f8 4c 62 12 4b 91 9d ad 80 6b b3 7f 89 1a 65 f6 9e f1 4d 6b 3d a4 84 63 71 4d cb f8 91 5a 53 bf 51 55 b7 43 cd be 23 95 9b 54 e9 f7 78 ae 16 78 b1 9c 57 63 e2 9b a8 af b5 26 96 29 04 88 46 72 3d 6b 9f bb 81 3c a6 38 e6 b7 b9 cd 63 22 dc e2 51 f5 ab f7 d1 31 c4 91 b6 d5 6e de 95 45 d4 8e 9c 1a d8 48 fc db 08 fa 96 cf 35 44 95 f4 cb 47 91 cb 3b 12 a2 b5 e4 93 ca 5c 92 70 3d 0d 3e da 11 6f 00 cf 06 b3 75 09 0e 76 e7 ad 00 73 b4 51 45 32 8d 37 6e 4d 35 8f 14 e0 9f 31 34 8c 29 01 09 27 ad 31 98 b1 e4 d3 e5 18 1c 53 10 1c 64 d0 26 39 47 14 a6 9c 07 14 98 a0 00 3e 28 fb ce 2a 16 ce ee 29 e3 a8 a0 0b 21 82 0e 2a 6b 50 4b ef cf e1 55 36 12 99 ab 36 92 2a 75 a0 68 d1 12 12 a1 4f 4a 54 c8 70 6a a1 9b 12 0c 74 35 66 09 81 ce 69 0e e7 7f f0 db c4 df d8 1a c4 32 cd 21 58 03 0d ff 00 4f eb 5e 9b f1 0f e3 1c 37 5a 44 70 69 80 c9 39 5d bc a9 c0 1e f5 f3 e4 33 ec 9e 33 db 38 ae 86 2b fb 18 e0 5f b4 b2 ef e4 ed c7 51 40 9b 3d 3b e1 cf 89 22 d5 65 4f 35 04 37 20 6d 62 55 57 3e 84 1a d3 f8 89 e1 6d 4b c6 17 e1 b4 58 84 9b 58 ed 67 21 46 09 e9 5e 2c 75 ab 28 a6 df 6f 95 23 b8 38 ad af 0d f8 fa fb 47 be 8e 6b 7b d9 8a 02 08 47 7d c3 e9 54 8c e4 75 9a 07 c3 3d 7a d7 56 8e 2b bb 19 60 90 10 77 97 ca 1f ca be 85 f0 f5 87 f6 4e 98 91 5c 29 49 38 ea 2b 13 e1 97 8d ad 3c 63 68 ac b2 62 78 4f ef 53 f8 87 d2 ba dd 5e f5 23 84 a9 f3 1f d0 38 c5 4c ae 5c 34 39 7f 1a c9 2c b6 8c ca db 8a 8e 9e d5 e6 cb 3c 2b bc bb e1 81 e3 8e b5 d7 78 9f 57 fb 3a 48 cf b4 65 7e 55 cd 78 6f 88 b5 9b 8b 5b 89 0c 12 1f 2c f2 07 a5 72 d4 a1 cc b4 3b 29 d7 e5 dc ef 1f 51 92 e6 5f 26 d3 73 c8 dc 28 1d eb a5 d0 7c 2d ac dc 44 65 b8 bf 30 ab 03 fe 8f 8e be 87 35 e5 5e 0d f1 5a 58 6a 08 6e 6d 5f cc 53 80 c5 b8 cd 7b cf 87 7c 61 a7 de 41 19 79 11 65 ee 07 61 5e 64 e0 e0 ec 7a 50 9c 64 b4 39 9f 10 d8 de d9 5a f9 17 0b 94 1c 86 ee 6b 88 d5 af 22 d2 d5 6e a7 27 6e 4f 4e b9 ed 8a f6 0f 19 5f db 5d e9 b9 88 87 e9 c8 19 af 12 f1 d5 99 bf d2 26 48 cf cf 19 dc b8 38 35 d7 86 57 38 31 52 68 75 c7 c6 56 bd 8b ec 31 db 3a 26 dd a2 4d c7 9f e5 5c 66 a9 aa bc 92 b4 9b b0 1c e7 8a e2 2c 8e d9 c0 f4 35 a7 76 d2 73 83 9a f4 63 04 8e 3e 76 cd 19 6f d9 94 97 95 8e 3a 0a e7 35 3b b2 ee 7e 63 49 25 cb 8c ab 56 7d cb 06 3d 79 35 a0 81 5c b1 39 3c 54 e9 82 2a 3b 1b 49 2e 65 f2 e2 c1 6c 67 9e 95 d6 68 be 18 8e 71 ba f4 8e 9c 84 6a 86 c9 b1 ce db c2 c1 c6 01 c5 74 5a 76 b5 71 67 6e 61 69 4b 45 8f ba c7 38 ad 57 d3 b4 0b 1c a3 c8 fb 87 a3 66 b2 ee ac b4 a9 72 22 ba 90 ee ed 8c 11 fa 52 b2 65 26 cc 2b cd 47 cf 97 24 f2 0d 58 b3 d4 36 f0 d8 db ef 51 5c f8 7c 86 2f 6f 70 ac 3b 06 1c d5 3f b3 49 00 3b f1 81 e9 47 28 b9 99 a5 79 24 6d 22 15 0b cf 52 2a 0b b5 fd df 15 98 6e 3e 7c 03 d2 b4 dd f7 40 3e 94 ec 2b 99 33 a8 ae 83 c2 ea 25 81 83 76 3d c5 61 4b f3 35 74 3e 18 e1 1a 93 ba 03 6a 1d 1d f5 09 3c b0 eb 1a 8e ac 6b 9e f1 1e 9f f6 17 da 5d 5c 83 8c ad 77 ba 37 fa b9 3f 0f eb 5c 2f 8c e5 c5 fb 27 b9 cf e9 52 a4 23 8c a2 8a 2b 52 8d 72 79 c0 a6 35 44 ae 4c 94 f7 c8 39 a4 04 72 f4 c5 2d b8 0e 84 63 91 50 4e 58 d4 f6 47 02 81 12 10 16 9b 8a 46 2c 58 e6 9c 38 a0 08 da 3e 73 4e 8d 54 d3 9c 82 29 83 00 7b d0 05 86 c6 ce 2a 18 79 73 42 c8 3a 54 88 a0 1c d0 31 d2 7c a0 1f 4a 6a cc 77 64 1a 25 f9 85 54 53 82 68 12 34 12 76 67 1c d3 f5 43 90 84 1e 42 81 54 61 7f 9c 55 eb 9c 18 d4 9a 43 32 b2 73 d4 d4 d1 b3 ae 39 35 20 88 16 ab 0b 1a e3 a5 52 24 ea be 1c 78 b2 7f 0e f8 86 da e1 a6 99 2d 49 db 28 89 b0 48 3c 7e 3d eb ea a9 f5 ab 7b fd 36 3b 88 ae 6e 27 0e 83 38 50 bc d7 c5 aa 81 4e 57 ad 7d 07 e0 4b c9 6f bc 3d 0a b4 9c 00 33 c6 d3 f9 f7 a0 63 fc 55 7f 2d f5 d9 4b 75 97 cb 5e 0e ec 63 3e d5 c3 6b 56 39 8c b5 c3 ac 6b df 26 bd 36 f2 d5 15 72 17 03 15 e2 de 3e d4 db ed de 4c 6d f2 73 91 51 2d b4 1c 75 65 eb 58 45 e2 bc 50 37 ef 40 e0 8a 6d 84 da cd ad c0 8e 20 c0 83 80 6b 3f c0 7f 68 6b 82 f1 02 46 7a e6 bb 96 bb 96 1b bf 9a 11 c1 eb 8a f3 eb 2b ee 77 d2 76 47 63 a7 1d 43 fb 0c 49 76 c7 25 01 e3 81 cd 65 45 8b 99 08 70 08 6e d5 da 78 69 0e b1 a3 49 09 2b 19 2b 81 9f 6a e6 e4 b0 9b 4f bf 68 ae 00 59 03 67 8e 94 f0 e6 78 87 73 c5 3c 4b 63 1e 99 e2 99 22 58 b3 0b 61 87 38 ea 7e 94 cd 66 d4 da 45 1c b0 b2 14 91 41 2a ac 5b 1f 8f 7a f6 2d 5b c3 b6 97 57 51 6a 13 08 b7 81 9c b9 c0 c7 7e 6a a6 af a1 69 d7 50 b1 9e 01 1f 18 0c ad 91 da bb 1c ec 65 0a 5c cb 43 c0 2e 1b e7 aa e2 33 23 8c 1c 73 5d b6 bf e1 74 8e 47 6b 49 4b 0e a0 11 fd 6b 9e d2 b4 d9 df 55 8a 02 bd 18 67 bf 7a 7e d1 34 4f b3 69 9d b7 c3 ff 00 05 df 6a b2 29 85 99 15 ce 38 5c 82 2b b5 d5 3e 1f 47 61 10 f3 6e a4 52 7b 0e 31 5d e7 80 5a cf 41 d1 c1 50 04 a5 41 1c e7 9a af ae de 7f 69 4e cf 21 e3 3c 01 5c 55 6b b4 75 d2 a0 a5 b9 e4 57 3e 0a 59 5d be cf 2c ac 7f da ef 51 0f 01 df 2a fc a1 db 15 eb fa 34 30 97 03 00 e7 8e 6b be b0 d3 6c 5a 11 b9 14 fa f3 59 43 12 d9 a4 b0 f1 47 c7 fa c6 9d 7b a6 48 7c c8 dd 54 77 35 9d 1c 9f 68 f9 18 8e 78 af a4 fe 2a f8 5e cd f4 e6 78 71 b8 0c ed eb 5f 37 df 59 08 27 7d ad 8c 1c 62 bd 1a 33 e6 47 05 68 72 b3 9f be b4 78 a6 24 70 2b 46 cc 17 b0 1b b9 62 72 05 51 ba 97 cd 93 68 6c ad 5d 86 13 1a 23 23 30 60 38 c1 ad 4c 08 26 8c a3 fc e0 83 e8 6b a2 f0 e2 fe e1 9b b5 73 97 17 12 cc e4 48 d9 23 8e 95 d3 e8 44 26 9d ee 46 69 30 3a bd 19 87 94 e7 de b0 75 4d 02 5d 53 53 95 b0 02 ff 00 09 39 ff 00 0a 4b 5b a9 d1 ca 42 ea 33 ea 6b b3 b2 01 63 04 f5 ae 76 da 2e 2a e7 80 51 45 15 d4 04 ea c4 36 6a ce ec ae 4d 44 63 cf 6a 97 6f ca 29 01 0d c7 45 23 bd 49 6e b8 5a 8e 5e 40 1e 95 3c 79 0b cd 02 15 87 34 d2 69 b2 93 4d dd 40 0f cd 34 91 4d 2d 4d 26 80 06 e3 a5 4e 92 10 9c d5 72 78 e6 99 e6 63 22 81 96 3c dc 67 26 a3 72 30 79 eb 50 16 cd 1b 8f 7a 00 91 1b 0d 9a df b3 b4 fb 7d b0 f2 72 65 c1 c0 f5 c5 73 99 ae 83 46 b9 96 d5 11 a2 62 1b d7 34 d2 13 2b 08 d9 09 0c 08 20 e0 82 31 4f 0c 2b 4f 51 85 ae 81 b9 8c 2e 4f 32 05 1d 0d 64 13 8a a6 ac 22 50 47 ad 7b f7 c2 98 95 bc 3d 01 22 5d c5 7f 8d 4f b5 7c f7 91 8e a2 bb 3f 87 fe 25 97 42 7d a7 ed 46 d9 8f 2b 1c c5 78 ef 81 52 33 dd f5 cf dc d9 b3 63 24 0f ca be 68 f1

309
01
A101
1
1
5
4000
0x3c de 76 b1 70 c4 e4 6f 38 af 56 d6 7c 63 67 7d a6 c8 3f d2 56 4c 1d 8b 29 fb df 88 af 1d 78 a7 be d4 cc 71 23 34 8e fb 42 d4 b4 11 67 a2 fc 38 68 fe c0 18 10 3a 83 f5 ae a6 f5 73 c9 19 cd 56 f0 9f 82 e5 d2 f4 51 25 ed ea 44 ec 77 6d d8 58 73 e9 5d 25 95 85 82 db 85 9e e5 e6 03 83 b5 36 9f d6 b9 aa 52 72 d8 eb a7 51 45 6a 74 7f 0c a5 92 69 56 04 19 19 c1 cf 7a d2 f8 93 a5 49 a6 ea 30 dc 32 62 27 6d 9c 76 ab 1e 01 9a ce ca e5 3e c7 0e c0 48 c1 3c 9a ee 7c 7d 60 9a a6 81 33 b2 64 aa 6f fe b5 74 e8 38 98 d5 aa a4 78 d5 ca a5 c6 98 d0 ca a0 82 84 7e 06 b8 bb ec 43 6f e5 db ce c4 8e a1 8f 39 ae d7 49 68 e5 90 a3 1c a0 1b 32 7d ab 8d f1 42 8b 2b f7 11 ed 64 6e 46 3a 8a 2a c7 43 4a 13 b3 b1 88 90 bb 91 e6 73 4c b6 d3 60 8b 52 49 42 fc cc 41 f6 ce 69 cd a9 a2 0e c0 d5 59 2e e7 b8 60 d6 87 0e bd c5 73 2b 9d 0e cc f4 ab 2b 7b 80 99 76 2a 07 41 9a b2 b1 3b 12 0f 35 e5 b0 78 87 58 b3 99 52 ee 78 e4 8c e0 e7 3c d6 b3 f8 ba e2 05 59 12 33 bb ae 1b 38 35 cd 3a 77 66 f0 95 91 e8 91 5b 4b 1a 82 8a 46 3b 8a d2 83 52 9a 34 d8 ec c0 8e f5 e6 fa 7f c4 cd 46 3c ee d2 d6 45 1d f6 d7 51 a6 f8 f3 4b d5 95 62 bb b1 36 d3 1e ad ef f4 a9 74 ac 52 a9 72 3f 1e 6b 52 26 97 20 32 16 38 ee 7b 57 ce ba c5 fc af 34 9f 37 53 5e fd e3 6b 28 af f4 f7 6b 36 2c 36 f6 15 f3 de ad 65 2a 5d f9 41 49 76 3d 31 5d d8 47 65 a9 c7 8a 8d de 85 4d 3d 0c d7 48 84 60 13 c9 ae 9f 51 b7 db 68 8d 11 1b 40 eb 4d d2 7c 31 aa c4 63 b8 6b 74 31 63 23 0e 09 fc ab 5d a3 f9 02 4b 11 89 cf 18 60 48 fc ab b6 32 47 0c a2 70 ab fe bf 91 d4 e0 d7 53 62 7e 5f 24 1c 1d a2 ad 69 9e 0b d4 35 6d 41 7f b3 a1 92 64 07 21 b6 f0 3e be b5 d4 0f 86 9a ce 9b 11 bb d4 26 85 38 27 62 b6 70 29 12 8e 5e da c5 fc f0 4b 1a ea 6d ee 99 23 01 cf 35 48 08 e1 38 27 e6 15 a1 79 e1 6d 6e 7d 2d 6f ac d2 39 a1 71 91 e5 b1 24 0f a6 2b 37 1b 94 9d 8f 0f a2 8a 2b 61 97 63 95 4f 06 9e f2 2f 4a a0 0e 0e 45 38 b9 3d 69 01 69 0a 97 e6 a5 91 80 1c 75 ac f5 62 1b 35 31 7c 8e b4 00 b2 b1 34 c1 9c 73 4d 6e 4f 5a 90 50 20 5a 42 39 a7 11 de 90 fd 68 01 8f 51 9a 93 a9 3e d4 d2 41 14 0c 65 14 b4 94 c0 5f 6a b4 b7 12 46 a0 0c e2 a2 89 37 30 ad 05 41 80 08 a7 11 32 d6 9b aa 61 8a 38 f9 5f 83 c5 49 35 97 99 28 d8 46 c3 dc 1e 95 4d 11 54 f4 a7 fd a1 b8 19 e0 74 ad 1b d0 93 4e 0b 4b 18 31 e7 39 90 f7 ec 2a d2 df e9 c0 88 d2 dc 10 3a 76 ac 06 b8 07 bd 40 1f 9c 8a cc 0e b8 ea 05 d0 05 21 53 b0 1d a9 8d a9 3a 6d d8 e5 58 73 90 6b 9d 86 e0 81 82 69 e6 5d d9 a6 c5 a9 dd 58 78 d7 51 89 44 73 48 67 8c 0c 61 cf 6a ea 74 cd 72 1d 41 14 c4 c1 58 f5 5c f4 af 1f 47 20 75 ab 76 57 72 5b 4a ad 13 10 41 cf 5a 71 b2 1d cf a5 7c 17 74 63 ba 4d dd 03 62 bd c6 d8 8b dd 19 d0 80 77 2e 39 3d ab e5 6f 01 78 9a 3b 99 e3 47 60 1f 23 83 eb 5e e7 a7 6b e6 1d 34 ce b2 60 20 3c 13 d6 a9 6a 4b 3c de f5 ef 34 0f 12 5f 5b 45 6c 93 c0 f2 17 51 b8 ab 0c f2 71 5c ef 8f 24 b3 be d3 64 98 5b dd 59 5e c2 38 2c bb 95 bd 72 45 5b d4 35 c8 f5 2f 1e c6 b2 c8 00 63 b4 6d 3d 7d ab d6 d3 c1 96 57 16 9b da 59 0c 6c 99 3f e1 59 4d 1a c1 d8 f8 e6 cf 50 6b cb 86 89 c3 89 33 d3 19 ae ff 00 c2 d6 00 46 c6 f1 5d 63 c7 07 04 64 fa 57 71 ff 00 08 15 86 97 ab cb 71 a6 c8 92 a3 65 8a 95 c9 53 d3 14 ef 10 db 4b 05 8e e5 0b f2 7a 9e 2b 9e 74 b4 d0 e8 a7 53 5d 4f 3a be f0 bc 33 6a a0 da ac a1 59 b3 b4 92 45 76 72 78 49 66 d2 04 6c 84 61 70 1b b8 ae 6d bc 40 f6 72 09 bc b7 65 53 d5 79 15 d1 69 bf 12 34 cb cb 73 6b 71 23 db 39 e8 4a 67 9a f3 e4 da 67 7c 52 68 e4 47 86 b5 8b 7b b6 8e d2 fd e3 8c f1 c8 06 bb 7f 0e f8 26 e2 60 af 77 7c b2 b0 c7 48 c0 35 48 ea f6 d2 5d 6c 12 ab 83 d1 c0 c0 35 a7 0e a8 d0 47 84 94 e3 d4 54 ca 6e c6 8a 28 de d4 34 c1 a7 5b b4 60 86 cd 79 76 a3 e1 f3 3e a5 f6 98 ed 84 aa 32 40 ee 0d 76 6f a9 bc ca 4b b3 1e 31 c9 a8 2c ee d6 da 4f 33 66 47 7e 78 fc 6a 61 37 7b 21 4a 2b 76 72 b1 e9 a9 6e 85 a0 86 58 43 0e 51 cf 20 f7 ad ef 08 78 36 7f 11 6a 2b e6 9c 5a c6 df 3b 91 db d8 9a 88 dd 0d 5b 52 58 62 90 92 cd 80 31 9e 2b dd 7c 37 a7 45 a5 68 b1 45 b4 0f 94 12 dd 09 38 ea 6b d4 a4 9d 91 e4 57 9a e6 76 1b 05 a6 9d a0 69 69 6f 6d 02 46 91 ae 06 00 fc f3 5e 4f f1 2f c6 16 71 5b 4b 0c 72 02 e4 60 f3 de a6 f8 b7 e3 51 63 0b c1 6c c4 b9 f9 48 07 a5 7c ed a9 5c b5 e4 cf 24 d3 16 c9 ce 18 e7 15 d3 ca 73 a6 5e be d6 1e 49 98 a4 83 06 bd 27 e1 bf 89 65 b4 48 a1 f3 7c c8 ba 10 4f 4a f1 0b a2 57 bf 15 d6 7c 3a bc 06 e9 e1 72 77 f0 45 45 8b b1 c2 d1 45 15 45 05 2d 14 94 00 52 e6 92 8a 00 5c d4 88 72 6a 2a 50 70 69 01 3b b7 cb 50 ee 34 33 16 a6 d0 03 c1 c0 26 9a 29 28 a6 03 80 cd 3d 23 27 e9 4c 53 83 57 a3 18 51 ef 40 11 c7 b5 18 66 ad 6f 18 04 1a a5 72 0e 73 49 0b 9c 7b 53 44 b2 d4 92 e2 a0 79 79 c8 a6 4a d9 a8 09 c9 a2 e0 91 36 f2 6a 45 23 15 02 1e 29 e1 a8 41 62 ca 9a 78 3c 55 74 35 32 9a 18 16 22 63 b7 9a 9b 7f 1c 55 55 7c 0a 76 fc d0 84 cd 5d 32 fe 5b 2b 84 96 22 03 21 cf d6 bd 15 3e 28 c1 16 92 f0 4b bb ed 2a 30 17 a8 e4 57 97 db 0d ed 54 75 7b 71 1c 9b 94 fd 69 de c0 95 cd 7b af 11 dc dc 6b 02 f6 37 d9 22 9c a9 51 8c 7b d7 a1 69 ff 00 18 fc 53 06 9e 2d 45 cd bc c8 3a 19 22 1b 81 ef c8 af 17 8d c8 e3 b5 69 db cb fb bc 03 4a e5 6c 7d 25 f0 d7 c6 1a 5e a5 66 62 d4 6e 04 7a 8b 29 dd e6 90 a9 9e 39 06 9d e3 4b a4 8e 29 22 4b 98 dd 18 64 e0 e7 1f 96 79 af 99 a5 9d d4 f1 d2 ad d8 6a d7 16 ab 98 65 31 b7 6c 1e 3f 2a 24 f4 1c 77 3d 56 1d 46 ce 24 31 3b 22 06 fb c1 c5 59 d3 67 d1 d2 42 ca f6 8c e0 e4 71 8c fe 75 c0 59 6a 77 f3 c7 e7 46 f1 34 c7 ef 16 4c 83 5a 11 ea 72 90 56 f2 c2 da 50 7a 95 5e 6b ce 9c 2e cf 42 9c 95 b5 3b fb d5 b2 bb b7 26 15 8e 39 07 23 67 43 59 0a 93 44 48 12 71 9f 5a e7 20 d4 05 bb 87 82 07 8c 77 41 93 56 a5 f1 0a 30 3b a3 60 de 99 ac bd 93 7b 17 ed 52 3a db 4b c0 63 0a 48 c8 ae 4b c5 37 f2 7d a8 c3 14 ac 10 8c 95 1d ea 9c 1a bb a4 9f 31 2b 19 eb b4 f3 55 b5 b5 b5 62 92 db de 19 83 75 0e 30 57 da b4 a3 87 69 dd 98 d5 ad 75 a1 e8 9f 02 f4 af b6 ea 06 ee 71 b9 51 b3 82 73 5e d9 e3 6d 66 3d 37 4a 72 9d 97 19 fc 2b 84 f8 2b 6c b6 ba 14 72 26 37 32 82 78 fa 56 6f c6 8d 5d e2 d2 e5 01 f1 93 c8 15 e8 c1 1e 64 b5 67 82 f8 d3 5f 93 52 d6 ee 25 72 70 18 a8 fc 2b 9d 17 7d 73 cd 56 9d cc 93 3b 12 4e e2 4d 47 4d 9a 28 d8 9a 59 4c 87 9e 95 d2 7c 3d 00 f8 86 20 7a 57 2d 5d d7 c2 2b 26 bc f1 28 f9 09 54 5c 93 d8 75 a9 63 68 e1 28 a2 8a 63 0a 29 4f 5a 4a 00 28 a2 8a 00 28 a2 8a 00 28 a2 8a 00 28 a2 8a 00 2a 64 9d 94 00 7a 0a 86 95 46 48 14 01 3c b2 e5 71 81 48 8a 44 05 c0 e3 38 a7 c7 12 96 1b b9 15 76 e3 6b 59 9c 05 01 48 23 d6 81 19 4c 73 4d a5 3d 69 28 18 b9 e2 97 77 14 da 28 02 45 6f 7a 9d 1a aa 8e 2a 54 3d 39 a6 22 7d de f5 2a fa d5 63 ea 2a 68 db e5 e4 d2 42 35 34 f7 0a ac 4f a6 2a 96 ac 4b 0e 39 a2 27 c2 90 0d 4a 42 cb 13 06 ea 68 63 d8 c4 a9 a0 90 a9 c6 78 a8 e4 5d 8e ca 79 c1 c5 22 f5 a0 65 89 c8 ed 51 42 a5 dc 28 f5 a7 b8 e2 92 36 d8 c0 8e c6 93 03 a8 d3 c1 b3 40 9b 89 f5 ab 6f 79 b5 0e cc d6 25 a5 cb b9 c9 ef 56 67 90 ed ac 1a bb 36 53 d0 65 ed ec ce c3 e7 60 7e b5 25 ab b1 84 b3 b1 27 de b3 f2 1d ce 7f 0a 9d 18 80 14 67 9a d1 24 8c db b9 24 d7 72 8c 80 38 aa d0 dd 96 99 37 60 e0 f7 ae 86 0b 05 5b 02 f3 aa b7 5c 1f 6a e6 2e 36 2c 8d b3 a8 35 49 92 cf a9 7e 17 4e ab e1 d4 da c0 8d b9 e2 b8 5f 8d f3 93 64 71 d0 b6 2a ef c2 3d 59 5b 45 58 d9 94 6c 5d a7 d4 9a 67 c4 fb 71 75 61 2b 01 90 0e 70 06 6b 45 a1 93 7a 9f 3b e0 e6 8c 55 9b 98 fc a9 99 70 78 35 0f de 3c 52 34 b8 88 05 7d 0d f0 2f c2 a6 0d 3a 4b e9 d3 12 cd 83 cf a7 6a f2 cf 86 fe 11 6f 12 6b 11 89 4a ad 8c 64 34 ae 4e 3f 0a fa 7a 5b fd 23 c3 5a 5a c6 b7 16 e8 8a 31 85 60 4d 43 15 cf 8a e8 a2 8a a2 82 8a 29 ca 8c ca 48 19 c5 00 36 8a 53 c1 a4 a0 02 8a 28 a0 02 8a 28 a0 02 8a 28 a0 02 95 78 34 94 50 04 ca c7 34 f7 7f 90 8c d4 49 cd 2b 72 28 64 dc 8a 8a 78 8d d8 e1 54 9f a0 ad ad 2b c2 fa a6 a4 c3 c9 b6 70 be a4 52 72 4b 72 d2 6c c2 a9 e0 b5 9a 76 db 12 16 35 e9 3a 3f c2 fb 97 54 7b b0 e7 3c e0 57 6d a5 78 16 3b 60 a0 40 b9 3d 58 8a cd d5 5d 0b 54 df 53 c4 e1 d0 6e 0a 86 91 0a 83 56 13 45 08 bf 31 3f 95 7b 8c fe 0f 8a 34 cb c9 b4 fa 1a c7 bc f0 fd a4 41 b0 ea 5b eb 53 ed 41 c0 f2 81 a5 26 dc 02 73 51 49 a5 ed 1c 13 5d fc d6 56 f1 4a 46 14 d4 cb a6 da 3c 41 f1 cf 70 45 57 b4 1f b3 3c db ec 6e 07 06 9b e5 30 0c 79 c2 f5 35 de dd 68 f0 b6 76 01 f8 56 0e a3 a4 32 2e 17 35 4a 57 13 85 8e 2e 6c 99 58 e0 f2 73 cd 35 57 26 b7 6e 6c 46 e2 36 b6 3d c5 67 4f 07 96 3a 53 b9 0d 58 ae 49 3c 0a 74 71 e4 8c d3 3e e8 e3 ad 26 f2 28 15 8d 48 d8 2a 80 0d 25 cd c9 03 19 ac e5 9c 8a 6c 92 b3 9a 5c a3 2d 24 bf 30 26 ae db b9 67 1b 6b 2e 14 2c 46 4d 6e e8 c8 82 61 bc e1 73 d4 d3 b0 99 35 e3 dc c3 6e 01 72 01 1d 2a 8d b5 a9 90 ef 38 e6 a7 d6 ee fc e9 30 8d 95 5e 2b 2c 5e 32 60 0a 62 3b 3f 08 6b 43 48 d4 44 4e 48 46 3d 7b 57 a4 4f a9 db 6a 36 d8 f3 15 91 c6 0f 35 e0 13 dc b3 b0 60 48 6a d0 b5 d6 ae e1 8f 60 93 8a 77 25 c6 e7 49 e2 af 0c 15 99 e7 b2 91 1e 36 e7 6e ee 56 b9 58 f4 d7 46 3b 9e 31 8f ef 1a 9a 6d 5a ea 71 86 72 7f 1a a6 f2 3b 72 ed 9f ad 2b 94 8d 98 ef a5 b2 83 cb 82 f5 e2 8f 39 d9 11 da 33 f4 15 59 ef e4 b8 6f de 5c 49 21 3f de 62 6b 35 5d 07 50 29 de 62 7a 0a 44 94 28 a2 8a a2 c2 b7 3c 3d 6b 15 d8 64 72 72 4e 38 ac 3a d4 f0 f4 fe 45 fa 7f b4 40 a9 96 c5 47 72 ee b7 e1 bb 8b 27 2d 10 df 17 50 47 a7 ad 73 ec 0a 9c 11 cd 7b 9d 9a 47 73 66 a5 d0 1e 3b d7 01 e2 8d 07 74 ef 2d bc 5b 33 e8 2b 08 57 d6 cc da 74 ba a3 8a a2 a4 92 17 8c e1 86 3e b5 1d 74 de e6 0d 58 28 a2 96 81 09 45 3b 6b 63 a1 ab 56 16 72 5c 4c 80 0e 09 c5 27 24 95 d8 d4 5b 22 b7 b7 79 83 b2 a9 2a a3 24 fa 53 5e 32 0d 7a 6e 91 e1 fb 54 b2 d9 73 16 e5 61 f3 00 71 56 23 d0 7c 23 76 e6 11 65 77 14 fd 07 97 3f 4f ce b0 fa c4 6e 6a e8 ca da 1e 59 0c 2e ec 15 14 96 3d 06 2b a7 d0 bc 23 77 7c c1 a5 4d 91 9f ef 57 71 a6 f8 3f 4e b2 b9 12 5a cd 3c cb 9c 8f 38 72 2b ad b4 b5 11 a0 55 4c 01 ed 59 55 c4 db 63 4a 78 7b ea ce 7b 40 f0 95 95 92 00 d1 23 b9 ea 4f 35 dc e9 90 5b da a0 0a a8 a5 4f 61 54 e2 50 ad c8 e2 a7 2c 42 fc b5 c9 ed 1b 77 67 4f b3 48 d7 5d 4c 46 00 44 50 07 b5 57 b9 d6 5c ab 00 00 ac e1 bb 6f 23 9a af 30 3d e9 fb 46 57 22 48 6d f5 fc b3 67 2e 6b 98 d4 0b f3 82 79 ad a9 c6 73 8a ce 9e dd 9c e4 f4 ab 8c ae 64 e2 8c 47 8c e7 26 a7 87 ee 63 b5 4d 3c 38 24 0a 48 53 07 04 d6 b7 64 34 34 9e 30 05 56 9e 20 fd 46 6b 66 3b 75 61 d0 1a 97 ec 20 c7 91 c7 d2 9a 9b 33 67 17 73 a6 f9 85 b6 a9 15 cf df d8 14 2c 18 57 a3 dc da 38 e9 9c 7d 2b 2a fa c8 ba 95 2a 6b 68 cc c9 c4 f2 ab 88 ca ca e3 04 63 d6 ab 9a ea fc 41 a5 b4 21 9d 47 35 cb 04 3b f6 91 d3 ad 6d 17 72 1a b0 dc 1f 4a 55 46 3d 05 4c 58 01 b4 0a d3 d2 ac bc d7 52 e3 e5 a4 e5 61 c5 5c a7 6d 67 3b 80 ca 8d b7 d6 ae ab 18 17 0c 79 1d 6b a8 8f c9 b6 b2 31 81 9e 2b 94 d4 c8 dc db 6a 54 db 1c a3 64 54 bb b8 0e fc 55 56 39 39 a6 1e b4 66 b4 33 1e 0d 29 3c d4 79 a5 cd 01 62 40 fb 73 51 b3 92 7a d2 1a 50 b9 a0 2c 26 4d 28 34 ac b8 ef 4d a0 04 a2 8a 29 8c 2a 48 1b 64 c8 de 84 56 91 d3 e3 0d dc 8a 69 81 22 61 81 93 4b 70 bd 8f 58 f0 8c e2 6b 35 0d c8 eb 9a dd bc b3 86 78 c8 28 39 f6 ae 1f c1 97 83 6e c0 79 07 a5 7a 14 0c 24 51 5e 65 55 cb 23 d0 a6 f9 91 e7 7a ef 86 16 46 26 35 19 fa 57 37 27 85 2e 7e 6c 2e 45 7b 34 d6 8a fc 9e 6a a4 f6 63 69 1c 60 d2 8e 21 a2 9d 14 cf 15 9b c3 f7 31 67 72 fe 55 1c 3a 5c 81 86 51 bf 2a f5 d7 d3 21 66 25 93 3f 5a 44 d2 a0 c8 fd d2 d5 fd 6d 91 ec 11 e7 36 5a 48 93 1b d1 b1 e8 6b a7 d3 f4 68 e2 54 22 3d bb 79 15 d4 47 a7 c3 18 e1 14 7e 15 2f 96 02 ed c0 ac 67 5d c8 d2 34 92 29 5b 47 92 14 0c d6 a6 9f a3 44 25 32 2c 64 b1 ee 6a c6 9b 65 b9 c1 da 4e 6b ba d0 74 a4 7e 58 0e 08 a8 4e e6 b6 30 ed 74 62 22 53 b0 e0 7b 54 cd 6d b3 82 2b b7 be 81 21 b7 01 40 03 e9 5c ed cc 60 9a 52 65 c5 18 e6 00 7b 52 79 00 7b d6 83 c5 c7 14 b1 c2 4f 51 50 98 f4 33 9e 2c 0e 95 56 e2 3c 2e 6b 72 7b 7f 97 20 56 74 b1 16 c8 22 b5 8a b9 9c 99 cf 4d d4 d4 0c 0e d3 c5 6c 5d db 2a 02 71 59 53 91 8c 0a de 31 30 6c cf 9d 57 9a a6 54 b3 fc b5 6e e3 a9 aa c9 22 a3 73 5a 72 99 b6 4b 13 3c 67 07 35 b7 a6 cc a4 00 c0 1a c3 12 6f 61 56 ad a7 48 99 72 7a 9c 51 61 1d 5c 76 31 5c 47 c2 8c fa d6 25 ee 9f b5 9c 60 71 5a 9a 66 a7 1e c2 bc d2 5e c8 b2 16 65 3c 62 b4 21 9c 16 bf 66 86 22 19 73 cd 79 8e b1 07 95 70 fb 57 19 35 ec 3a e2 fc 8c 3b 1a f2 df 11 42 52 56 72 38 dc 6b 58 b3 19 99 7a 75 97 da 1d 73 dc f3 5d 4d ad 92 c3 1e 12 b0 74 80 7c de 3d 3a 56 b3 dd 5c da b9 28 72 a6 a6 6c d2 9a d0 96 ea 17 da 7a

309
01
A101
1
1
6
326
0xe2 b9 9d 51 b6 e4 62 ba 57 d4 de 48 8f 98 83 06 b9 9d 62 51 24 9c 62 9d 34 15 0c ca 28 a2 b7 30 0a 28 a2 80 1d 9e 05 39 4d 33 14 a0 d2 10 86 92 8a 29 8c 28 a2 8a 00 dd 76 20 f5 a6 bf 38 cd 14 52 21 ee 6f f8 50 e2 e7 22 bd 3b 4c 62 56 8a 2b cf c4 6e 7a 14 36 35 0f 20 54 52 01 cd 14 57 03 3b 51 5d 91 73 d2 98 54 03 c0 a2 8a 82 58 c6 a5 8f a8 e2 8a 2a 91 5d 0e 97 42 45 6c 03 d0 57 a1 d9 44 91 da 82 a3 07 14 51 5b 47 61 b3 37 53 91 b3 8c f0 6b 32 51 91 cd 14 54 c8 68 48 80 e4 55 95 8c 60 51 45 4a dc 4c 8e 70 36 1a ca bc 3b 00 c5 14 57 44 0c a6 72 9a 85 cc a6 e1 94 b7 15 9a ce c4 f2 7b d1 45 75 40 e5 99 0d cb 9c 76 aa 60 02 4e 68 a2 ac cc 89 9d 94 e0 1c 52 ee 25 79 34 51 51 22 91 b3 a7 92 b1 f0 69 f2 4f 20 6c 03 c5 14 55 44 96 50 d4 d8 b2 0c fa 57 05 e2 64 05 30 47 f1 51 45 68 8c 99 9f a1 28 37 27 23 a0 ad 5d 4c 63 18 fe e8 a2 8a 99 1a c3 63 12 e1 88 43 58 77 67 32 9c d1 45 5d 32 6a 90 51 45 15 b1 88 51 45 14 01 20 e9 4d 3d 68 a2 90 86 d1 45 14 c6 14 51 45 00 7f ff d9