#hand typing the following text using CCTV Server Simulator
#3- Train RISTV server

3
309
01
A501
1
1
1
160
0xFF D8 FF E0 00 10 4A 46 49 46 00 01 01 00 00 01 00 01 00 00 FF DB 00 43 00 16 0F 11 13 11 0E 16 13 12 13 19 17 16 1A 21 37 24 21 1E 1E 21 44 30 33 28 37 50 46 54 53 4F 46 4D 4C 58 63 7F 6C 58 5E 78 5F 4C 4D 6E 96 70 78 83 87 8E 90 8E 56 6A 9C A7 9B 8A A6 7F 8B 8E 89 FF DB 00 43 01 17 19 19 21 1D 21 41 24 24 41 89 5B 4D 5B 89 89 89 89 89 89 89 89 89 89 89 89 89 89 89 89 89 89 89 89 89 89 89 89 89 89 89 89 89 89 89 89 89 89 89 89 89 89 89 89 89 89 89 89 89 89 89 89 89 89 FF C0 

309
01
A501
1
1
2
160
0x00 11 08 00 0C 00 0C 03 01 22 00 02 11 01 03 11 01 FF C4 00 15 00 01 01 00 00 00 00 00 00 00 00 00 00 00 00 00 00 04 05 FF C4 00 20 10 00 02 01 03 04 03 00 00 00 00 00 00 00 00 00 00 01 02 03 00 04 21 05 22 31 61 11 12 14 FF C4 00 14 01 01 00 00 00 00 00 00 00 00 00 00 00 00 00 00 00 03 FF C4 00 19 11 00 02 03 01 00 00 00 00 00 00 00 00 00 00 00 00 01 11 00 02 12 03 FF DA 00 0C 03 01 00 02 11 03 11 00 3F 00 32 DF 89 EF 64 FA 24 74 45 62 14 29 E2 9F 05 FE D6 19 90 2B 78 0D D5 

309
01
A501
1
1
3
37
0x1B 54 D3 60 33 AC CA 5D 1A 46 DD EA 70 7B AA 96 B6 D1 5B 42 23 8C 63 92 4E 49 34 42 87 4D C1 1C C8 BE 9C FF D9

